0.000
0.001
0.001
0.001
0.001
0.002
0.002
0.002
0.003
0.003
0.003
0.004
0.004
0.004
0.005
0.005
0.005
0.005
0.006
0.006
0.006
0.007
0.007
0.007
0.008
0.008
0.008
0.009
0.009
0.009
0.010
0.010
0.010
0.011
0.011
0.011
0.012
0.012
0.012
0.013
0.013
0.013
0.014
0.014
0.014
0.015
0.015
0.015
0.016
0.016
0.016
0.017
0.017
0.017
0.018
0.018
0.018
0.019
0.019
0.019
0.020
0.020
0.020
0.021
0.021
0.021
0.022
0.022
0.023
0.023
0.023
0.024
0.024
0.024
0.025
0.025
0.025
0.026
0.026
0.026
0.027
0.027
0.028
0.028
0.028
0.029
0.029
0.029
0.030
0.030
0.031
0.031
0.031
0.032
0.032
0.032
0.033
0.033
0.034
0.034
0.034
0.035
0.035
0.036
0.036
0.036
0.037
0.037
0.037
0.038
0.038
0.039
0.039
0.039
0.040
0.040
0.041
0.041
0.041
0.042
0.042
0.043
0.043
0.044
0.044
0.044
0.045
0.045
0.046
0.046
0.046
0.047
0.047
0.048
0.048
0.048
0.049
0.049
0.050
0.050
0.051
0.051
0.051
0.052
0.052
0.053
0.053
0.054
0.054
0.054
0.055
0.055
0.056
0.056
0.057
0.057
0.058
0.058
0.058
0.059
0.059
0.060
0.060
0.061
0.061
0.062
0.062
0.063
0.063
0.063
0.064
0.064
0.065
0.065
0.066
0.066
0.067
0.067
0.068
0.068
0.069
0.069
0.069
0.070
0.070
0.071
0.071
0.072
0.072
0.073
0.073
0.074
0.074
0.075
0.075
0.076
0.076
0.077
0.077
0.078
0.078
0.079
0.079
0.080
0.080
0.081
0.081
0.082
0.082
0.083
0.083
0.084
0.084
0.085
0.085
0.086
0.086
0.087
0.087
0.088
0.088
0.089
0.089
0.090
0.090
0.091
0.092
0.092
0.093
0.093
0.094
0.094
0.095
0.095
0.096
0.096
0.097
0.097
0.098
0.099
0.099
0.100
0.100
0.101
0.101
0.102
0.102
0.103
0.103
0.104
0.105
0.105
0.106
0.106
0.107
0.107
0.108
0.109
0.109
0.110
0.110
0.111
0.111
0.112
0.113
0.113
0.114
0.114
0.115
0.116
0.116
0.117
0.117
0.118
0.118
0.119
0.120
0.120
0.121
0.121
0.122
0.123
0.123
0.124
0.125
0.125
0.126
0.126
0.127
0.128
0.128
0.129
0.129
0.130
0.131
0.131
0.132
0.133
0.133
0.134
0.135
0.135
0.136
0.136
0.137
0.138
0.138
0.139
0.140
0.140
0.141
0.142
0.142
0.143
0.144
0.144
0.145
0.146
0.146
0.147
0.148
0.148
0.149
0.150
0.150
0.151
0.152
0.152
0.153
0.154
0.154
0.155
0.156
0.156
0.157
0.158
0.158
0.159
0.160
0.161
0.161
0.162
0.163
0.163
0.164
0.165
0.166
0.166
0.167
0.168
0.168
0.169
0.170
0.171
0.171
0.172
0.173
0.173
0.174
0.175
0.176
0.176
0.177
0.178
0.179
0.179
0.180
0.181
0.182
0.182
0.183
0.184
0.185
0.185
0.186
0.187
0.188
0.189
0.189
0.190
0.191
0.192
0.192
0.193
0.194
0.195
0.196
0.196
0.197
0.198
0.199
0.199
0.200
0.201
0.202
0.203
0.204
0.204
0.205
0.206
0.207
0.208
0.208
0.209
0.210
0.211
0.212
0.213
0.213
0.214
0.215
0.216
0.217
0.218
0.218
0.219
0.220
0.221
0.222
0.223
0.224
0.224
0.225
0.226
0.227
0.228
0.229
0.230
0.230
0.231
0.232
0.233
0.234
0.235
0.236
0.237
0.238
0.238
0.239
0.240
0.241
0.242
0.243
0.244
0.245
0.246
0.247
0.247
0.248
0.249
0.250
0.251
0.252
0.253
0.254
0.255
0.256
0.257
0.258
0.259
0.260
0.261
0.262
0.262
0.263
0.264
0.265
0.266
0.267
0.268
0.269
0.270
0.271
0.272
0.273
0.274
0.275
0.276
0.277
0.278
0.279
0.280
0.281
0.282
0.283
0.284
0.285
0.286
0.287
0.288
0.289
0.290
0.291
0.292
0.293
0.294
0.295
0.296
0.297
0.299
0.300
0.301
0.302
0.303
0.304
0.305
0.306
0.307
0.308
0.309
0.310
0.311
0.312
0.313
0.314
0.316
0.317
0.318
0.319
0.320
0.321
0.322
0.323
0.324
0.325
0.327
0.328
0.329
0.330
0.331
0.332
0.333
0.334
0.336
0.337
0.338
0.339
0.340
0.341
0.343
0.344
0.345
0.346
0.347
0.348
0.349
0.351
0.352
0.353
0.354
0.355
0.357
0.358
0.359
0.360
0.361
0.363
0.364
0.365
0.366
0.367
0.369
0.370
0.371
0.372
0.374
0.375
0.376
0.377
0.379
0.380
0.381
0.382
0.384
0.385
0.386
0.387
0.389
0.390
0.391
0.392
0.394
0.395
0.396
0.398
0.399
0.400
0.401
0.403
0.404
0.405
0.407
0.408
0.409
0.411
0.412
0.413
0.415
0.416
0.417
0.419
0.420
0.421
0.423
0.424
0.425
0.427
0.428
0.430
0.431
0.432
0.434
0.435
0.436
0.438
0.439
0.441
0.442
0.443
0.445
0.446
0.448
0.449
0.451
0.452
0.453
0.455
0.456
0.458
0.459
0.461
0.462
0.464
0.465
0.466
0.468
0.469
0.471
0.472
0.474
0.475
0.477
0.478
0.480
0.481
0.483
0.484
0.486
0.487
0.489
0.490
0.492
0.493
0.495
0.497
0.498
0.500
0.501
0.503
0.504
0.506
0.507
0.509
0.511
0.512
0.514
0.515
0.517
0.518
0.520
0.522
0.523
0.525
0.526
0.528
0.530
0.531
0.533
0.535
0.536
0.538
0.540
0.541
0.543
0.545
0.546
0.548
0.550
0.551
0.553
0.555
0.556
0.558
0.560
0.561
0.563
0.565
0.566
0.568
0.570
0.572
0.573
0.575
0.577
0.579
0.580
0.582
0.584
0.586
0.587
0.589
0.591
0.593
0.594
0.596
0.598
0.600
0.602
0.603
0.605
0.607
0.609
0.611
0.612
0.614
0.616
0.618
0.620
0.621
0.623
0.625
0.627
0.629
0.630
0.632
0.634
0.636
0.638
0.639
0.641
0.643
0.645
0.647
0.649
0.650
0.652
0.654
0.656
0.658
0.660
0.662
0.664
0.666
0.668
0.670
0.672
0.674
0.676
0.678
0.680
0.682
0.684
0.686
0.688
0.690
0.692
0.694
0.696
0.698
0.700
0.703
0.705
0.707
0.709
0.711
0.713
0.716
0.718
0.720
0.722
0.725
0.727
0.729
0.731
0.734
0.736
0.738
0.741
0.743
0.745
0.748
0.750
0.752
0.755
0.757
0.760
0.762
0.765
0.767
0.770
0.772
0.775
0.777
0.780
0.782
0.785
0.787
0.790
0.793
0.795
0.798
0.801
0.803
0.806
0.809
0.811
0.814
0.817
0.820
0.822
0.825
0.828
0.831
0.834
0.836
0.839
0.842
0.845
0.848
0.851
0.854
0.857
0.860
0.863
0.866
0.869
0.872
0.875
0.878
0.881
0.884
0.887
0.890
0.893
0.897
0.900
0.903
0.906
0.909
0.912
0.916
0.919
0.922
0.925
0.928
0.932
0.935
0.938
0.941
0.944
0.947
0.951
0.954
0.957
0.960
0.963
0.966
0.970
0.973
0.976
0.979
0.982
0.986
0.989
0.992
0.995
0.998
1.002
1.005
1.008
1.011
1.014
1.017
1.021
1.024
1.027
1.030
1.033
1.037
1.040
1.043
1.046
1.049
1.052
1.056
1.059
1.062
1.065
1.068
1.072
1.075
1.078
1.081
1.084
1.087
1.091
1.094
1.097
1.100
1.103
1.107
1.110
1.113
1.116
1.119
1.122
1.126
1.129
1.132
1.135
1.138
1.141
1.145
1.148
1.151
1.154
1.157
1.160
1.164
1.167
1.170
1.173
1.176
1.180
1.183
1.186
1.189
1.192
1.195
1.199
1.202
1.205
1.208
1.211
1.215
1.218
1.221
1.224
1.227
1.230
1.233
1.237
1.240
1.243
1.246
1.249
1.252
1.255
1.259
1.262
1.265
1.268
1.271
1.274
1.278
1.281
1.284
1.287
1.290
1.293
1.297
1.300
1.303
1.306
1.309
1.313
1.316
1.319
1.322
1.325
1.328
1.332
1.335
1.338
1.341
1.344
1.348
1.351
1.354
1.357
1.360
1.364
1.367
1.370
1.373
1.376
1.380
1.383
1.386
1.389
1.392
1.395
1.398
1.401
1.404
1.408
1.411
1.414
1.417
1.420
1.423
1.426
1.430
1.433
1.436
1.439
1.442
1.445
1.448
1.451
1.455
1.458
1.461
1.464
1.467
1.470
1.473
1.477
1.480
1.483
1.486
1.489
1.493
1.496
1.499
1.502
1.505
1.508
1.512
1.515
1.518
1.521
1.524
1.528
1.531
1.534
1.537
1.540
1.543
1.547
1.550
1.553
1.556
1.559
1.563
1.566
1.569
1.572
1.575
1.578
1.582
1.585
1.588
1.591
1.594
1.598
1.601
1.604
1.607
1.610
1.614
1.617
1.620
1.623
1.626
1.630
1.633
1.636
1.639
1.642
1.646
1.649
1.652
1.655
1.658
1.662
1.665
1.668
1.671
1.674
1.678
1.681
1.684
1.687
1.690
1.694
1.697
1.700
1.703
1.706
1.710
1.713
1.716
1.719
1.722
1.726
1.729
1.732
1.735
1.738
1.741
1.745
1.748
1.751
1.754
1.757
1.761
1.764
1.767
1.770
1.773
1.776
1.780
1.783
1.786
1.789
1.792
1.796
1.799
1.802
1.805
1.808
1.812
1.815
1.818
1.821
1.824
1.828
1.831
1.834
1.837
1.840
1.843
1.847
1.850
1.853
1.856
1.859
1.862
1.865
1.868
1.871
1.874
1.877
1.880
1.883
1.886
1.889
1.892
1.895
1.898
1.901
1.904
1.906
1.909
1.912
1.915
1.918
1.920
1.923
1.926
1.929
1.931
1.934
1.937
1.939
1.942
1.945
1.947
1.950
1.952
1.955
1.957
1.960
1.963
1.965
1.968
1.970
1.972
1.975
1.977
1.980
1.982
1.985
1.987
1.989
1.992
1.994
1.996
1.999
2.001
2.003
2.006
2.008
2.010
2.013
2.015
2.017
2.019
2.021
2.024
2.026
2.028
2.030
2.032
2.034
2.037
2.039
2.041
2.043
2.045
2.047
2.049
2.051
2.053
2.055
2.057
2.059
2.061
2.063
2.065
2.067
2.069
2.071
2.073
2.075
2.077
2.079
2.080
2.082
2.084
2.086
2.088
2.090
2.091
2.093
2.095
2.097
2.099
2.100
2.102
2.104
2.106
2.107
2.109
2.111
2.113
2.114
2.116
2.118
2.119
2.121
2.123
2.124
2.126
2.128
2.129
2.131
2.132
2.134
2.136
2.137
2.139
2.141
2.142
2.144
2.146
2.147
2.149
2.150
2.152
2.154
2.155
2.157
2.159
2.160
2.162
2.164
2.165
2.167
2.168
2.170
2.172
2.173
2.175
2.177
2.178
2.180
2.182
2.183
2.185
2.187
2.188
2.190
2.191
2.193
2.195
2.196
2.198
2.200
2.201
2.203
2.205
2.206
2.208
2.209
2.211
2.213
2.214
2.216
2.218
2.219
2.221
2.223
2.224
2.226
2.228
2.229
2.231
2.232
2.234
2.236
2.237
2.239
2.241
2.242
2.244
2.246
2.247
2.249
2.251
2.253
2.254
2.256
2.258
2.260
2.262
2.263
2.265
2.267
2.269
2.271
2.273
2.275
2.277
2.279
2.281
2.283
2.285
2.287
2.289
2.291
2.293
2.295
2.297
2.299
2.300
2.302
2.304
2.306
2.308
2.310
2.311
2.313
2.315
2.317
2.318
2.320
2.322
2.323
2.325
2.327
2.328
2.330
2.331
2.333
2.334
2.336
2.337
2.339
2.340
2.342
2.343
2.345
2.346
2.348
2.349
2.350
2.352
2.353
2.355
2.356
2.358
2.359
2.361
2.362
2.364
2.365
2.367
2.368
2.370
2.371
2.373
2.374
2.376
2.377
2.379
2.380
2.381
2.383
2.384
2.386
2.387
2.389
2.390
2.392
2.393
2.395
2.396
2.398
2.399
2.401
2.402
2.404
2.405
2.407
2.408
2.409
2.411
2.412
2.414
2.415
2.417
2.418
2.420
2.421
2.423
2.424
2.426
2.427
2.429
2.430
2.432
2.433
2.435
2.436
2.438
2.439
2.441
2.442
2.444
2.446
2.447
2.449
2.451
2.452
2.454
2.456
2.458
2.459
2.461
2.463
2.464
2.466
2.467
2.469
2.470
2.472
2.473
2.475
2.476
2.478
2.480
2.481
2.483
2.484
2.486
2.487
2.489
2.490
2.492
2.493
2.495
2.496
2.498
2.499
2.501
2.502
2.504
2.506
2.507
2.509
2.510
2.512
2.513
2.515
2.516
2.518
2.519
2.521
2.522
2.524
2.525
2.527
2.528
2.530
2.532
2.533
2.535
2.536
2.538
2.539
2.541
2.542
2.544
2.545
2.547
2.548
2.550
2.551
2.553
2.554
2.556
2.558
2.559
2.561
2.562
2.564
2.565
2.567
2.568
2.570
2.571
2.573
2.574
2.576
2.577
2.579
2.580
2.582
2.584
2.585
2.587
2.588
2.590
2.591
2.593
2.594
2.596
2.597
2.599
2.600
2.602
2.603
2.605
2.606
2.608
2.610
2.611
2.613
2.614
2.616
2.617
2.619
2.620
2.622
2.623
2.625
2.626
2.628
2.629
2.631
2.632
2.634
2.636
2.637
2.639
2.640
2.642
2.643
2.645
2.646
2.648
2.649
2.651
2.652
2.654
2.655
2.657
2.658
2.660
2.662
2.663
2.665
2.666
2.668
2.669
2.671
2.672
2.674
2.675
2.677
2.678
2.680
2.681
2.683
2.684
2.686
2.688
2.689
2.691
2.692
2.694
2.695
2.697
2.698
2.700
2.701
2.703
2.704
2.706
2.707
2.709
2.710
2.712
2.714
2.715
2.717
2.718
2.720
2.721
2.723
2.724
2.726
2.727
2.729
2.730
2.732
2.733
2.735
2.736
2.738
2.740
2.741
2.743
2.744
2.746
2.747
2.749
2.751
2.752
2.754
2.756
2.758
2.759
2.761
2.763
2.764
2.766
2.768
2.769
2.771
2.772
2.774
2.776
2.777
2.779
2.780
2.782
2.783
2.785
2.786
2.788
2.789
2.791
2.792
2.794
2.795
2.797
2.798
2.800
2.801
2.803
2.804
2.806
2.807
2.809
2.810
2.812
2.813
2.815
2.816
2.818
2.819
2.820
2.822
2.823
2.825
2.826
2.828
2.829
2.831
2.832
2.834
2.835
2.837
2.838
2.840
2.841
2.843
2.844
2.846
2.847
2.849
2.850
2.852
2.853
2.855
2.856
2.858
2.859
2.861
2.862
2.864
2.865
2.867
2.868
2.870
2.871
2.873
2.874
2.876
2.877
2.879
2.880
2.882
2.883
2.885
2.886
2.888
2.889
2.891
2.892
2.894
2.895
2.897
2.898
2.900
2.901
2.903
2.904
2.906
2.907
2.909
2.910
2.912
2.913
2.915
2.916
2.918
2.919
2.921
2.922
2.924
2.925
2.927
2.928
2.930
2.931
2.933
2.934
2.936
2.937
2.939
2.940
2.942
2.943
2.945
2.946
2.948
2.949
2.951
2.952
2.954
2.955
2.957
2.958
2.960
2.961
2.963
2.964
2.966
2.967
2.969
2.970
2.972
2.973
2.975
2.976
2.978
2.979
2.981
2.982
2.984
2.985
2.987
2.988
2.990
2.991
2.993
2.994
2.996
2.997
2.999
3.000
3.002
3.003
3.005
3.006
3.008
3.009
3.011
3.012
3.014
3.015
3.017
3.018
3.020
3.021
3.023
3.024
3.026
3.027
3.029
3.030
3.032
3.033
3.035
3.036
3.038
3.040
3.041
3.043
3.045
3.047
3.048
3.050
3.052
3.053
3.055
3.057
3.058
3.060
3.061
3.063
3.064
3.066
3.067
3.069
3.070
3.072
3.073
3.075
3.076
3.078
3.079
3.081
3.082
3.084
3.085
3.087
3.088
3.090
3.091
3.093
3.094
3.096
3.097
3.099
3.100
3.102
3.103
3.105
3.106
3.108
3.109
3.111
3.112
3.114
3.115
3.117
3.118
3.120
3.121
3.123
3.124
3.126
3.127
3.129
3.130
3.132
3.133
3.135
3.136
3.138
3.139
3.141
3.142
3.144
3.145
3.147
3.148
3.150
3.151
3.153
3.154
3.156
3.157
3.159
3.160
3.162
3.163
3.165
3.166
3.168
3.169
3.171
3.172
3.174
3.175
3.177
3.178
3.180
3.181
3.183
3.184
3.186
3.187
3.189
3.190
3.192
3.193
3.195
3.196
3.198
3.199
3.201
3.202
3.204
3.205
3.207
3.208
3.210
3.211
3.213
3.214
3.216
3.217
3.219
3.220
3.222
3.223
3.225
3.226
3.228
3.229
3.231
3.232
3.234
3.235
3.237
3.238
3.240
3.241
3.243
3.244
3.246
3.247
3.249
3.250
3.252
3.253
3.255
3.256
3.258
3.259
3.261
3.262
3.264
3.265
3.267
3.268
3.270
3.271
3.273
3.274
3.276
3.277
3.279
3.280
3.282
3.283
3.285
3.286
3.288
3.289
3.291
3.292
3.294
3.295
3.297
3.298
3.300
3.301
3.303
3.304
3.306
3.307
3.309
3.310
3.312
3.313
3.315
3.317
3.318
3.320
3.321
3.323
3.325
3.326
3.328
3.330
3.332
3.334
3.335
3.337
3.339
3.341
3.343
3.345
3.346
3.348
3.350
3.352
3.354
3.355
3.357
3.359
3.361
3.362
3.364
3.366
3.368
3.369
3.371
3.373
3.375
3.377
3.378
3.380
3.382
3.384
3.385
3.387
3.389
3.391
3.393
3.394
3.396
3.398
3.400
3.401
3.403
3.405
3.407
3.408
3.410
3.412
3.414
3.416
3.417
3.419
3.421
3.423
3.424
3.426
3.428
3.430
3.432
3.433
3.435
3.437
3.439
3.440
3.442
3.444
3.446
3.447
3.449
3.451
3.453
3.455
3.456
3.458
3.460
3.462
3.463
3.465
3.467
3.469
3.471
3.472
3.474
3.476
3.478
3.479
3.481
3.483
3.485
3.486
3.488
3.490
3.492
3.494
3.495
3.497
3.499
3.501
3.502
3.504
3.506
3.508
3.510
3.512
3.514
3.516
3.517
3.519
3.521
3.524
3.526
3.528
3.530
3.532
3.534
3.536
3.539
3.541
3.543
3.545
3.548
3.550
3.552
3.555
3.557
3.559
3.561
3.564
3.566
3.568
3.571
3.573
3.575
3.578
3.580
3.582
3.585
3.587
3.589
3.592
3.594
3.596
3.599
3.601
3.603
3.606
3.608
3.610
3.613
3.615
3.618
3.620
3.622
3.625
3.627
3.629
3.632
3.634
3.637
3.639
3.641
3.644
3.646
3.649
3.651
3.653
3.656
3.658
3.661
3.663
3.665
3.668
3.670
3.673
3.675
3.678
3.680
3.682
3.685
3.687
3.690
3.692
3.695
3.697
3.700
3.702
3.704
3.707
3.709
3.712
3.714
3.717
3.719
3.722
3.724
3.727
3.729
3.732
3.734
3.737
3.739
3.742
3.744
3.747
3.749
3.752
3.754
3.757
3.759
3.762
3.764
3.767
3.769
3.772
3.774
3.777
3.780
3.782
3.785
3.787
3.790
3.792
3.795
3.797
3.800
3.803
3.805
3.808
3.810
3.813
3.815
3.818
3.821
3.823
3.826
3.828
3.831
3.834
3.836
3.839
3.841
3.844
3.847
3.849
3.852
3.854
3.857
3.860
3.862
3.865
3.868
3.870
3.873
3.875
3.878
3.881
3.883
3.886
3.889
3.891
3.894
3.897
3.899
3.902
3.905
3.907
3.910
3.913
3.915
3.918
3.921
3.923
3.926
3.929
3.932
3.934
3.937
3.940
3.942
3.945
3.948
3.951
3.953
3.956
3.959
3.962
3.965
3.967
3.970
3.973
3.976
3.978
3.981
3.984
3.987
3.989
3.992
3.995
3.998
4.000
4.003
4.006
4.009
4.011
4.014
4.017
4.020
4.023
4.025
4.028
4.031
4.034
4.037
4.040
4.043
4.046
4.049
4.052
4.055
4.058
4.061
4.064
4.067
4.070
4.073
4.076
4.079
4.082
4.086
4.089
4.092
4.095
4.098
4.101
4.104
4.107
4.110
4.113
4.116
4.119
4.122
4.125
4.128
4.131
4.134
4.137
4.140
4.143
4.146
4.149
4.152
4.155
4.158
4.161
4.164
4.167
4.171
4.174
4.177
4.180
4.183
4.186
4.189
4.192
4.195
4.198
4.201
4.204
4.207
4.210
4.213
4.216
4.219
4.223
4.225
4.228
4.231
4.234
4.238
4.241
4.244
4.247
4.250
4.253
4.257
4.260
4.263
4.266
4.269
4.273
4.276
4.279
4.282
4.285
4.289
4.292
4.295
4.298
4.301
4.305
4.308
4.311
4.314
4.317
4.321
4.324
4.327
4.330
4.333
4.337
4.340
4.343
4.346
4.349
4.352
4.355
4.358
4.362
4.365
4.368
4.371
4.374
4.377
4.380
4.383
4.387
4.390
4.393
4.396
4.399
4.402
4.405
4.409
4.412
4.415
4.418
4.421
4.424
4.427
4.431
4.434
4.437
4.440
4.443
4.446
4.449
4.453
4.456
4.459
4.462
4.465
4.468
4.472
4.475
4.478
4.481
4.484
4.487
4.491
4.494
4.497
4.500
4.503
4.507
4.510
4.513
4.516
4.519
4.522
4.526
4.529
4.532
4.535
4.538
4.541
4.544
4.548
4.551
4.554
4.557
4.560
4.563
4.566
4.568
4.571
4.574
4.577
4.580
4.583
4.586
4.588
4.591
4.594
4.597
4.599
4.602
4.605
4.607
4.610
4.613
4.615
4.618
4.621
4.623
4.626
4.628
4.631
4.633
4.636
4.638
4.641
4.643
4.645
4.648
4.650
4.652
4.655
4.657
4.659
4.662
4.664
4.666
4.669
4.671
4.673
4.675
4.677
4.680
4.682
4.684
4.686
4.688
4.690
4.692
4.694
4.696
4.698
4.700
4.703
4.705
4.707
4.708
4.710
4.712
4.714
4.716
4.718
4.720
4.722
4.724
4.726
4.728
4.729
4.731
4.733
4.735
4.737
4.738
4.740
4.742
4.744
4.745
4.747
4.749
4.751
4.752
4.754
4.756
4.758
4.759
4.761
4.763
4.765
4.766
4.768
4.770
4.771
4.773
4.775
4.777
4.778
4.780
4.782
4.784
4.785
4.787
4.789
4.791
4.792
4.794
4.796
4.798
4.799
4.801
4.803
4.805
4.806
4.808
4.810
4.812
4.813
4.815
4.817
4.819
4.820
4.822
4.824
4.826
4.827
4.829
4.831
4.832
4.834
4.836
4.838
4.839
4.841
4.843
4.845
4.846
4.848
4.850
4.852
4.853
4.855
4.857
4.859
4.860
4.862
4.864
4.866
4.867
4.869
4.871
4.873
4.874
4.876
4.878
4.880
4.881
4.883
4.885
4.887
4.888
4.890
4.892
4.893
4.895
4.897
4.899
4.900
4.902
4.904
4.906
4.907
4.909
4.911
4.913
4.914
4.916
4.918
4.920
4.921
4.923
4.925
4.927
4.928
4.930
4.932
4.934
4.935
4.937
4.939
4.941
4.942
4.944
4.946
4.948
4.950
4.951
4.953
4.955
4.957
4.959
4.961
4.963
4.965
4.966
4.968
4.970
4.972
4.974
4.976
4.978
4.980
4.982
4.984
4.986
4.989
4.991
4.993
4.995
4.997
4.999
5.001
5.004
5.006
5.008
5.010
5.012
5.015
5.017
5.019
5.022
5.024
5.026
5.029
5.031
5.033
5.036
5.038
5.041
5.043
5.045
5.048
5.050
5.053
5.056
5.058
5.061
5.063
5.066
5.068
5.071
5.074
5.076
5.079
5.082
5.085
5.087
5.090
5.093
5.096
5.099
5.101
5.104
5.107
5.110
5.113
5.116
5.119
5.122
5.125
5.128
5.131
5.134
5.137
5.140
5.143
5.146
5.150
5.153
5.156
5.159
5.162
5.165
5.168
5.171
5.175
5.178
5.181
5.184
5.187
5.190
5.193
5.197
5.200
5.203
5.206
5.209
5.212
5.216
5.219
5.222
5.225
5.228
5.231
5.235
5.238
5.241
5.244
5.247
5.251
5.254
5.257
5.260
5.263
5.266
5.270
5.273
5.276
5.279
5.282
5.286
5.289
5.292
5.295
5.298
5.301
5.305
5.308
5.311
5.314
5.317
5.321
5.324
5.327
5.330
5.333
5.336
5.339
5.342
5.345
5.348
5.351
5.354
5.356
5.359
5.362
5.365
5.369
5.372
5.375
5.378
5.381
5.385
5.388
5.391
5.394
5.397
5.401
5.404
5.407
5.410
5.413
5.417
5.420
5.423
5.426
5.429
5.432
5.436
5.439
5.442
5.445
5.448
5.452
5.455
5.458
5.461
5.464
5.467
5.470
5.473
5.476
5.479
5.482
5.485
5.488
5.491
5.494
5.497
5.500
5.503
5.506
5.508
5.511
5.514
5.517
5.520
5.522
5.525
5.528
5.530
5.533
5.536
5.538
5.541
5.544
5.546
5.549
5.551
5.554
5.556
5.559
5.561
5.564
5.566
5.569
5.571
5.573
5.576
5.578
5.580
5.583
5.585
5.587
5.590
5.592
5.594
5.597
5.599
5.601
5.603
5.605
5.608
5.610
5.612
5.614
5.616
5.618
5.620
5.622
5.625
5.627
5.629
5.631
5.633
5.635
5.637
5.639
5.641
5.643
5.644
5.646
5.648
5.650
5.652
5.654
5.656
5.658
5.660
5.662
5.664
5.666
5.668
5.670
5.672
5.674
5.676
5.678
5.679
5.681
5.683
5.685
5.687
5.689
5.691
5.693
5.695
5.697
5.699
5.701
5.703
5.705
5.707
5.709
5.711
5.712
5.714
5.716
5.718
5.720
5.722
5.724
5.726
5.728
5.730
5.732
5.734
5.736
5.738
5.740
5.742
5.744
5.746
5.747
5.749
5.751
5.753
5.755
5.757
5.759
5.761
5.763
5.765
5.767
5.769
5.771
5.773
5.775
5.777
5.779
5.780
5.782
5.784
5.786
5.788
5.790
5.792
5.794
5.796
5.798
5.800
5.802
5.804
5.806
5.808
5.810
5.812
5.814
5.815
5.817
5.819
5.821
5.823
5.825
5.827
5.829
5.831
5.833
5.835
5.837
5.839
5.841
5.843
5.845
5.847
5.849
5.850
5.852
5.854
5.856
5.858
5.860
5.862
5.864
5.866
5.868
5.870
5.872
5.874
5.876
5.878
5.880
5.882
5.883
5.885
5.887
5.889
5.891
5.893
5.895
5.897
5.899
5.901
5.903
5.905
5.907
5.909
5.911
5.913
5.915
5.917
5.918
5.920
5.922
5.924
5.926
5.928
5.930
5.932
5.934
5.936
5.938
5.940
5.942
5.944
5.946
5.948
5.950
5.951
5.953
5.955
5.957
5.959
5.961
5.963
5.965
5.967
5.969
5.971
5.973
5.975
5.977
5.979
5.981
5.983
5.985
5.986
5.988
5.990
5.992
5.994
5.996
5.998
6.000
6.002
6.004
6.006
6.008
6.010
6.012
6.014
6.016
6.018
6.020
6.021
6.023
6.025
6.027
6.029
6.031
6.033
6.035
6.037
6.039
6.041
6.043
6.045
6.047
6.049
6.051
6.053
6.054
6.056
6.058
6.060
6.062
6.064
6.066
6.068
6.070
6.072
6.074
6.076
6.078
6.080
6.082
6.084
6.086
6.088
6.089
6.091
6.093
6.095
6.097
6.099
6.101
6.103
6.105
6.107
6.109
6.111
6.113
6.115
6.117
6.119
6.121
6.122
6.124
6.126
6.128
6.130
6.132
6.134
6.136
6.138
6.140
6.142
6.144
6.146
6.148
6.150
6.152
6.154
6.156
6.158
6.159
6.161
6.164
6.166
6.168
6.170
6.172
6.174
6.176
6.178
6.180
6.182
6.184
6.187
6.189
6.191
6.193
6.195
6.198
6.200
6.202
6.204
6.207
6.209
6.211
6.214
6.216
6.218
6.221
6.223
6.225
6.228
6.230
6.233
6.235
6.238
6.240
6.243
6.245
6.248
6.250
6.253
6.256
6.258
6.261
6.263
6.266
6.269
6.272
6.274
6.277
6.280
6.282
6.285
6.288
6.291
6.294
6.297
6.300
6.302
6.305
6.308
6.311
6.314
6.317
6.320
6.323
6.326
6.329
6.332
6.336
6.339
6.342
6.345
6.348
6.351
6.355
6.358
6.361
6.364
6.367
6.370
6.374
6.377
6.380
6.383
6.386
6.389
6.393
6.396
6.399
6.402
6.405
6.408
6.411
6.415
6.418
6.421
6.424
6.427
6.430
6.434
6.437
6.440
6.443
6.446
6.449
6.453
6.456
6.459
6.462
6.465
6.469
6.472
6.475
6.478
6.481
6.484
6.488
6.491
6.494
6.497
6.500
6.504
6.507
6.510
6.513
6.516
6.519
6.523
6.525
6.528
6.531
6.534
6.538
6.541
6.544
6.547
6.550
6.552
6.555
6.558
6.561
6.565
6.568
6.571
6.574
6.577
6.580
6.583
6.586
6.590
6.593
6.596
6.599
6.602
6.605
6.608
6.611
6.615
6.618
6.621
6.624
6.627
6.630
6.633
6.637
6.640
6.643
6.646
6.649
6.652
6.655
6.658
6.661
6.664
6.667
6.670
6.673
6.676
6.679
6.682
6.685
6.688
6.691
6.694
6.696
6.699
6.702
6.705
6.708
6.710
6.713
6.716
6.719
6.721
6.724
6.727
6.729
6.732
6.734
6.737
6.740
6.742
6.745
6.747
6.750
6.752
6.754
6.757
6.759
6.762
6.764
6.767
6.769
6.771
6.774
6.776
6.778
6.780
6.783
6.785
6.787
6.789
6.792
6.794
6.796
6.798
6.800
6.802
6.804
6.807
6.809
6.811
6.813
6.815
6.817
6.819
6.821
6.823
6.825
6.827
6.829
6.831
6.833
6.834
6.836
6.838
6.840
6.842
6.844
6.846
6.847
6.849
6.851
6.853
6.855
6.856
6.858
6.860
6.862
6.863
6.865
6.867
6.869
6.870
6.872
6.874
6.876
6.877
6.879
6.881
6.883
6.884
6.886
6.888
6.890
6.891
6.893
6.895
6.897
6.899
6.900
6.902
6.904
6.906
6.907
6.909
6.911
6.913
6.914
6.916
6.918
6.920
6.921
6.923
6.925
6.927
6.928
6.930
6.932
6.934
6.935
6.937
6.939
6.941
6.943
6.944
6.946
6.948
6.950
6.951
6.953
6.955
6.957
6.958
6.960
6.962
6.964
6.965
6.967
6.969
6.971
6.972
6.974
6.976
6.978
6.979
6.981
6.983
6.985
6.986
6.988
6.990
6.992
6.994
6.995
6.997
6.999
7.001
7.002
7.004
7.006
7.008
7.009
7.011
7.013
7.015
7.016
7.018
7.020
7.022
7.023
7.025
7.027
7.029
7.030
7.032
7.034
7.036
7.038
7.039
7.041
7.043
7.045
7.046
7.048
7.050
7.052
7.053
7.055
7.057
7.059
7.060
7.062
7.064
7.066
7.067
7.069
7.071
7.073
7.074
7.076
7.078
7.080
7.082
7.083
7.085
7.087
7.089
7.090
7.092
7.094
7.096
7.097
7.099
7.101
7.103
7.104
7.106
7.108
7.110
7.111
7.113
7.115
7.117
7.118
7.120
7.122
7.124
7.125
7.127
7.129
7.131
7.133
7.134
7.136
7.138
7.140
7.141
7.143
7.145
7.147
7.148
7.150
7.152
7.154
7.155
7.157
7.159
7.161
7.162
7.164
7.166
7.168
7.169
7.171
7.173
7.175
7.177
7.178
7.180
7.182
7.184
7.185
7.187
7.189
7.191
7.192
7.194
7.196
7.198
7.199
7.201
7.203
7.205
7.206
7.208
7.210
7.212
7.213
7.215
7.217
7.219
7.221
7.222
7.224
7.226
7.228
7.229
7.231
7.233
7.235
7.236
7.238
7.240
7.242
7.243
7.245
7.247
7.249
7.251
7.252
7.254
7.256
7.258
7.260
7.262
7.264
7.266
7.268
7.270
7.271
7.273
7.275
7.277
7.279
7.281
7.284
7.286
7.288
7.290
7.292
7.294
7.296
7.298
7.300
7.303
7.305
7.307
7.309
7.311
7.314
7.316
7.318
7.321
7.323
7.325
7.328
7.330
7.332
7.335
7.337
7.340
7.342
7.344
7.347
7.349
7.352
7.354
7.357
7.360
7.362
7.365
7.367
7.370
7.373
7.375
7.378
7.381
7.384
7.386
7.389
7.392
7.395
7.397
7.400
7.403
7.406
7.409
7.412
7.415
7.418
7.421
7.424
7.427
7.430
7.433
7.436
7.439
7.442
7.445
7.449
7.452
7.455
7.458
7.461
7.464
7.467
7.471
7.474
7.477
7.480
7.483
7.486
7.490
7.493
7.496
7.499
7.502
7.505
7.509
7.512
7.515
7.518
7.521
7.525
7.528
7.531
7.534
7.537
7.540
7.544
7.547
7.550
7.553
7.556
7.560
7.563
7.566
7.569
7.572
7.575
7.578
7.581
7.584
7.587
7.590
7.593
7.597
7.600
7.603
7.606
7.609
7.613
7.616
7.619
7.622
7.625
7.628
7.631
7.634
7.638
7.641
7.644
7.647
7.650
7.653
7.656
7.660
7.663
7.666
7.669
7.672
7.676
7.679
7.682
7.685
7.688
7.692
7.695
7.698
7.701
7.704
7.708
7.711
7.714
7.717
7.720
7.724
7.727
7.730
7.733
7.736
7.740
7.743
7.746
7.749
7.752
7.756
7.759
7.762
7.765
7.768
7.771
7.774
7.777
7.780
7.783
7.786
7.789
7.792
7.795
7.798
7.801
7.804
7.807
7.809
7.812
7.815
7.818
7.821
7.823
7.826
7.829
7.831
7.834
7.837
7.839
7.842
7.845
7.847
7.850
7.852
7.855
7.858
7.860
7.863
7.865
7.868
7.870
7.872
7.875
7.877
7.880
7.882
7.884
7.887
7.889
7.891
7.894
7.896
7.898
7.901
7.903
7.905
7.907
7.910
7.912
7.914
7.916
7.918
7.920
7.923
7.925
7.927
7.929
7.931
7.933
7.935
7.937
7.939
7.941
7.944
7.946
7.948
7.950
7.952
7.954
7.956
7.958
7.961
7.963
7.965
7.967
7.969
7.971
7.973
7.975
7.978
7.980
7.982
7.984
7.986
7.988
7.990
7.992
7.995
7.997
7.999
8.001
8.003
8.005
8.007
8.009
8.012
8.014
8.016
8.018
8.020
8.022
8.024
8.026
8.029
8.031
8.033
8.035
8.037
8.039
8.041
8.044
8.046
8.048
8.050
8.052
8.054
8.056
8.058
8.061
8.063
8.065
8.067
8.069
8.071
8.073
8.075
8.078
8.080
8.082
8.084
8.086
8.088
8.090
8.092
8.095
8.097
8.099
8.101
8.103
8.105
8.107
8.109
8.112
8.114
8.116
8.118
8.120
8.122
8.124
8.126
8.129
8.131
8.133
8.135
8.137
8.139
8.141
8.143
8.146
8.148
8.150
8.152
8.154
8.156
8.158
8.160
8.163
8.165
8.167
8.169
8.171
8.173
8.175
8.177
8.180
8.182
8.184
8.186
8.188
8.190
8.192
8.194
8.197
8.199
8.201
8.203
8.205
8.207
8.209
8.211
8.214
8.216
8.218
8.220
8.222
8.224
8.226
8.229
8.231
8.233
8.235
8.237
8.239
8.241
8.243
8.246
8.248
8.250
8.252
8.254
8.257
8.259
8.261
8.264
8.266
8.268
8.271
8.273
8.275
8.278
8.280
8.283
8.285
8.288
8.290
8.293
8.295
8.297
8.300
8.302
8.305
8.307
8.309
8.312
8.314
8.317
8.319
8.322
8.324
8.327
8.329
8.332
8.334
8.337
8.339
8.341
8.344
8.346
8.349
8.351
8.353
8.356
8.358
8.360
8.363
8.365
8.368
8.370
8.372
8.375
8.377
8.379
8.382
8.384
8.386
8.389
8.391
8.394
8.396
8.398
8.400
8.403
8.405
8.407
8.410
8.412
8.414
8.417
8.419
8.421
8.424
8.426
8.428
8.431
8.433
8.436
8.438
8.440
8.443
8.445
8.447
8.449
8.452
8.454
8.456
8.458
8.460
8.463
8.465
8.467
8.469
8.471
8.473
8.475
8.477
8.479
8.481
8.483
8.485
8.487
8.489
8.491
8.494
8.496
8.498
8.500
8.502
8.504
8.506
8.508
8.510
8.512
8.514
8.516
8.518
8.520
8.522
8.524
8.526
8.528
8.530
8.532
8.534
8.536
8.538
8.540
8.542
8.545
8.547
8.549
8.551
8.553
8.555
8.557
8.559
8.561
8.563
8.565
8.567
8.569
8.571
8.573
8.575
8.577
8.579
8.581
8.583
8.585
8.587
8.589
8.591
8.594
8.596
8.598
8.600
8.602
8.604
8.606
8.608
8.610
8.612
8.614
8.616
8.618
8.620
8.622
8.624
8.626
8.628
8.630
8.632
8.634
8.636
8.638
8.640
8.642
8.645
8.647
8.649
8.651
8.653
8.655
8.657
8.659
8.661
8.663
8.665
8.667
8.669
8.671
8.673
8.675
8.677
8.679
8.681
8.683
8.685
8.687
8.689
8.691
8.694
8.696
8.698
8.700
8.702
8.704
8.706
8.708
8.710
8.712
8.714
8.716
8.718
8.720
8.722
8.724
8.726
8.728
8.730
8.732
8.734
8.736
8.738
8.740
8.742
8.745
8.747
8.749
8.751
8.753
8.755
8.757
8.759
8.761
8.763
8.765
8.767
8.769
8.771
8.773
8.775
8.777
8.779
8.781
8.783
8.785
8.787
8.789
8.791
8.794
8.796
8.798
8.800
8.802
8.804
8.806
8.808
8.810
8.812
8.814
8.816
8.818
8.820
8.822
8.824
8.826
8.829
8.831
8.833
8.835
8.837
8.839
8.842
8.844
8.846
8.848
8.851
8.853
8.855
8.857
8.860
8.862
8.864
8.867
8.869
8.871
8.874
8.876
8.879
8.881
8.883
8.886
8.888
8.891
8.893
8.896
8.898
8.901
8.903
8.906
8.909
8.911
8.914
8.916
8.919
8.922
8.924
8.927
8.930
8.932
8.935
8.938
8.941
8.943
8.946
8.949
8.952
8.955
8.957
8.960
8.963
8.966
8.969
8.972
8.975
8.978
8.981
8.984
8.987
8.990
8.993
8.996
8.999
9.002
9.005
9.008
9.011
9.014
9.018
9.021
9.024
9.027
9.030
9.033
9.036
9.040
9.043
9.046
9.049
9.052
9.055
9.059
9.062
9.065
9.068
9.071
9.074
9.078
9.081
9.084
9.087
9.090
9.094
9.097
9.100
9.103
9.106
9.110
9.113
9.116
9.119
9.122
9.125
9.129
9.132
9.135
9.138
9.141
9.145
9.148
9.151
9.154
9.157
9.161
9.164
9.167
9.170
9.173
9.176
9.180
9.183
9.186
9.189
9.192
9.195
9.198
9.201
9.205
9.208
9.211
9.214
9.217
9.220
9.223
9.226
9.229
9.232
9.235
9.238
9.241
9.245
9.248
9.251
9.254
9.257
9.260
9.264
9.267
9.270
9.273
9.276
9.280
9.283
9.286
9.289
9.292
9.295
9.299
9.302
9.305
9.308
9.311
9.314
9.318
9.321
9.324
9.327
9.330
9.333
9.337
9.340
9.343
9.346
9.349
9.353
9.356
9.359
9.362
9.365
9.368
9.372
9.375
9.378
9.381
9.384
9.388
9.391
9.394
9.397
9.400
9.403
9.407
9.410
9.413
9.416
9.419
9.423
9.426
9.429
9.432
9.435
9.439
9.442
9.445
9.448
9.451
9.454
9.458
9.461
9.464
9.467
9.470
9.474
9.477
9.480
9.483
9.486
9.489
9.493
9.496
9.499
9.502
9.505
9.509
9.512
9.515
9.518
9.521
9.524
9.528
9.531
9.534
9.537
9.540
9.544
9.547
9.550
9.553
9.556
9.559
9.562
9.565
9.568
9.571
9.574
9.577
9.580
9.583
9.586
9.590
9.593
9.596
9.599
9.602
9.605
9.608
9.611
9.615
9.618
9.621
9.624
9.627
9.630
9.633
9.637
9.640
9.643
9.646
9.649
9.652
9.656
9.659
9.662
9.665
9.668
9.671
9.675
9.678
9.681
9.684
9.687
9.690
9.694
9.697
9.700
9.703
9.706
9.709
9.712
9.715
9.718
9.721
9.724
9.727
9.730
9.733
9.736
9.739
9.742
9.744
9.747
9.750
9.753
9.756
9.759
9.761
9.764
9.767
9.769
9.772
9.775
9.777
9.780
9.783
9.785
9.788
9.791
9.793
9.796
9.798
9.801
9.803
9.806
9.808
9.811
9.813
9.816
9.818
9.820
9.823
9.825
9.828
9.830
9.832
9.835
9.837
9.839
9.841
9.844
9.846
9.848
9.850
9.853
9.855
9.857
9.859
9.861
9.863
9.866
9.868
9.870
9.872
9.874
9.876
9.878
9.880
9.882
9.884
9.886
9.888
9.890
9.892
9.894
9.896
9.898
9.900
9.902
9.904
9.906
9.908
9.909
9.911
9.913
9.915
9.917
9.919
9.921
9.922
9.924
9.926
9.928
9.929
9.931
9.933
9.935
9.936
9.938
9.940
9.941
9.943
9.945
9.947
9.948
9.950
9.952
9.954
9.955
9.957
9.959
9.960
9.962
9.964
9.966
9.967
9.969
9.971
9.973
9.974
9.976
9.978
9.979
9.981
9.983
9.985
9.986
9.988
9.990
9.992
9.993
9.995
9.997
9.998
10.000
10.002
10.004
10.005
10.007
10.009
10.011
10.012
10.014
10.016
10.017
10.019
10.021
10.023
10.024
10.026
10.028
10.030
10.031
10.033
10.035
10.036
10.038
10.040
10.042
10.043
10.045
10.047
10.049
10.050
10.052
10.054
10.055
10.057
10.059
10.061
10.062
10.064
10.066
10.068
10.069
10.071
10.073
10.074
10.076
10.078
10.080
10.081
10.083
10.085
10.086
10.088
10.090
10.092
10.093
10.095
10.097
10.099
10.100
10.102
10.104
10.105
10.107
10.109
10.111
10.112
10.114
10.116
10.118
10.119
10.121
10.123
10.124
10.126
10.128
10.130
10.131
10.133
10.135
10.137
10.139
10.140
10.142
10.144
10.146
10.148
10.150
10.152
10.154
10.156
10.158
10.160
10.162
10.164
10.166
10.168
10.170
10.173
10.175
10.177
10.179
10.181
10.184
10.186
10.188
10.191
10.193
10.195
10.198
10.200
10.203
10.205
10.207
10.210
10.212
10.214
10.217
10.219
10.221
10.224
10.226
10.228
10.230
10.232
10.234
10.237
10.239
10.241
10.243
10.245
10.247
10.249
10.251
10.253
10.255
10.257
10.259
10.261
10.263
10.264
10.266
10.268
10.270
10.272
10.274
10.276
10.277
10.279
10.281
10.283
10.285
10.287
10.289
10.290
10.292
10.294
10.296
10.298
10.300
10.302
10.303
10.305
10.307
10.309
10.311
10.313
10.315
10.316
10.318
10.320
10.322
10.324
10.326
10.328
10.330
10.331
10.333
10.335
10.337
10.339
10.341
10.343
10.344
10.346
10.348
10.350
10.352
10.354
10.356
10.357
10.359
10.361
10.363
10.365
10.367
10.369
10.370
10.372
10.374
10.376
10.378
10.380
10.382
10.383
10.385
10.387
10.389
10.391
10.393
10.395
10.396
10.398
10.400
10.402
10.404
10.406
10.408
10.409
10.411
10.413
10.415
10.417
10.419
10.421
10.422
10.424
10.426
10.428
10.430
10.432
10.434
10.436
10.437
10.439
10.441
10.443
10.445
10.447
10.449
10.450
10.452
10.454
10.456
10.458
10.460
10.462
10.463
10.465
10.467
10.469
10.471
10.473
10.475
10.476
10.478
10.480
10.482
10.484
10.486
10.488
10.489
10.491
10.493
10.495
10.497
10.499
10.501
10.502
10.504
10.506
10.508
10.510
10.512
10.514
10.515
10.517
10.519
10.521
10.523
10.525
10.527
10.528
10.530
10.532
10.534
10.536
10.538
10.540
10.542
10.543
10.545
10.547
10.549
10.551
10.553
10.555
10.556
10.558
10.560
10.562
10.564
10.566
10.568
10.569
10.571
10.573
10.575
10.577
10.579
10.581
10.582
10.584
10.586
10.588
10.590
10.592
10.594
10.595
10.597
10.599
10.601
10.603
10.605
10.607
10.608
10.610
10.612
10.614
10.616
10.618
10.620
10.621
10.623
10.625
10.627
10.629
10.631
10.633
10.634
10.636
10.638
10.640
10.642
10.644
10.646
10.648
10.649
10.651
10.653
10.655
10.657
10.659
10.661
10.662
10.664
10.666
10.668
10.670
10.672
10.674
10.675
10.677
10.679
10.681
10.683
10.685
10.687
10.688
10.690
10.692
10.694
10.696
10.698
10.700
10.702
10.703
10.705
10.707
10.709
10.711
10.713
10.715
10.717
10.719
10.721
10.724
10.726
10.728
10.730
10.732
10.734
10.736
10.739
10.741
10.743
10.745
10.747
10.750
10.752
10.754
10.757
10.759
10.761
10.764
10.766
10.769
10.771
10.773
10.776
10.778
10.781
10.783
10.786
10.789
10.791
10.794
10.796
10.799
10.802
10.804
10.807
10.810
10.812
10.815
10.818
10.821
10.824
10.827
10.829
10.832
10.835
10.838
10.841
10.844
10.847
10.850
10.853
10.856
10.859
10.863
10.866
10.869
10.872
10.875
10.878
10.881
10.884
10.888
10.891
10.894
10.897
10.900
10.903
10.906
10.910
10.913
10.916
10.919
10.922
10.925
10.928
10.931
10.934
10.937
10.940
10.943
10.946
10.948
10.951
10.954
10.957
10.960
10.962
10.965
10.968
10.970
10.973
10.976
10.978
10.981
10.983
10.986
10.988
10.991
10.993
10.996
10.998
11.001
11.003
11.006
11.008
11.010
11.013
11.015
11.017
11.019
11.022
11.024
11.026
11.028
11.031
11.033
11.035
11.037
11.039
11.041
11.043
11.045
11.047
11.049
11.051
11.053
11.055
11.057
11.059
11.061
11.063
11.065
11.067
11.069
11.071
11.073
11.074
11.076
11.078
11.080
11.082
11.083
11.085
11.087
11.088
11.090
11.092
11.093
11.095
11.097
11.099
11.100
11.102
11.104
11.105
11.107
11.109
11.111
11.112
11.114
11.116
11.118
11.119
11.121
11.123
11.125
11.126
11.128
11.130
11.132
11.133
11.135
11.137
11.138
11.140
11.142
11.144
11.145
11.147
11.149
11.151
11.152
11.154
11.156
11.158
11.159
11.161
11.163
11.165
11.166
11.168
11.170
11.171
11.173
11.175
11.177
11.178
11.180
11.182
11.184
11.185
11.187
11.189
11.191
11.192
11.194
11.196
11.197
11.199
11.201
11.203
11.204
11.206
11.208
11.210
11.211
11.213
11.215
11.217
11.218
11.220
11.222
11.224
11.225
11.227
11.229
11.230
11.232
11.234
11.236
11.237
11.239
11.241
11.243
11.244
11.246
11.248
11.250
11.251
11.253
11.255
11.256
11.258
11.260
11.262
11.263
11.265
11.267
11.269
11.270
11.272
11.274
11.276
11.277
11.279
11.281
11.283
11.284
11.286
11.288
11.290
11.291
11.293
11.295
11.297
11.299
11.300
11.302
11.304
11.306
11.308
11.310
11.312
11.314
11.316
11.317
11.319
11.321
11.323
11.325
11.327
11.329
11.331
11.333
11.335
11.337
11.339
11.341
11.343
11.345
11.348
11.350
11.352
11.354
11.356
11.358
11.360
11.362
11.365
11.367
11.369
11.371
11.373
11.376
11.378
11.380
11.382
11.385
11.387
11.389
11.392
11.394
11.396
11.399
11.401
11.403
11.406
11.408
11.410
11.413
11.415
11.418
11.420
11.423
11.425
11.428
11.430
11.433
11.435
11.438
11.440
11.443
11.445
11.448
11.451
11.453
11.456
11.459
11.461
11.464
11.467
11.469
11.472
11.475
11.478
11.480
11.483
11.486
11.489
11.491
11.494
11.497
11.500
11.503
11.506
11.509
11.512
11.515
11.518
11.521
11.524
11.527
11.530
11.533
11.536
11.539
11.542
11.545
11.548
11.551
11.554
11.557
11.561
11.564
11.567
11.570
11.573
11.577
11.580
11.583
11.586
11.589
11.592
11.596
11.599
11.602
11.605
11.608
11.612
11.615
11.618
11.621
11.624
11.628
11.631
11.634
11.637
11.640
11.644
11.647
11.650
11.653
11.656
11.660
11.663
11.666
11.669
11.672
11.676
11.679
11.682
11.685
11.688
11.691
11.694
11.697
11.701
11.704
11.707
11.710
11.713
11.716
11.719
11.722
11.726
11.729
11.732
11.735
11.738
11.741
11.744
11.747
11.750
11.754
11.757
11.760
11.763
11.766
11.769
11.772
11.775
11.778
11.781
11.785
11.788
11.791
11.794
11.797
11.800
11.803
11.807
11.810
11.813
11.816
11.819
11.823
11.826
11.829
11.832
11.835
11.838
11.842
11.845
11.848
11.851
11.854
11.858
11.861
11.864
11.867
11.870
11.874
11.877
11.880
11.883
11.886
11.890
11.893
11.896
11.899
11.902
11.905
11.909
11.912
11.915
11.918
11.921
11.924
11.928
11.931
11.934
11.937
11.940
11.944
11.947
11.950
11.953
11.956
11.959
11.963
11.966
11.969
11.972
11.975
11.979
11.982
11.985
11.988
11.991
11.994
11.998
12.001
12.004
12.007
12.010
12.013
12.016
12.019
12.022
12.026
12.029
12.032
12.035
12.038
12.041
12.045
12.048
12.051
12.054
12.057
12.061
12.064
12.067
12.070
12.073
12.077
12.080
12.083
12.086
12.089
12.093
12.096
12.099
12.102
12.105
12.109
12.112
12.115
12.118
12.121
12.124
12.128
12.131
12.134
12.137
12.140
12.144
12.147
12.150
12.153
12.156
12.160
12.163
12.166
12.169
12.172
12.176
12.179
12.182
12.185
12.188
12.192
12.195
12.198
12.201
12.204
12.208
12.211
12.214
12.217
12.220
12.223
12.227
12.230
12.233
12.236
12.239
12.243
12.246
12.249
12.252
12.255
12.259
12.262
12.265
12.268
12.271
12.275
12.278
12.281
12.284
12.287
12.290
12.294
12.297
12.300
12.303
12.306
12.309
12.312
12.315
12.318
12.322
12.325
12.328
12.331
12.334
12.337
12.341
12.344
12.347
12.350
12.353
12.357
12.360
12.363
12.366
12.369
12.373
12.376
12.379
12.382
12.385
12.389
12.392
12.395
12.398
12.401
12.405
12.408
12.411
12.414
12.417
12.420
12.424
12.427
12.430
12.433
12.436
12.440
12.443
12.446
12.449
12.452
12.456
12.459
12.462
12.465
12.468
12.472
12.475
12.478
12.481
12.484
12.487
12.491
12.494
12.497
12.500
12.503
12.507
12.510
12.513
12.516
12.519
12.523
12.526
12.529
12.532
12.535
12.538
12.542
12.545
12.548
12.551
12.554
12.557
12.561
12.564
12.567
12.570
12.573
12.576
12.580
12.583
12.586
12.589
12.592
12.595
12.598
12.602
12.605
12.608
12.611
12.614
12.617
12.620
12.624
12.627
12.630
12.633
12.636
12.639
12.642
12.646
12.649
12.652
12.655
12.658
12.661
12.665
12.668
12.671
12.674
12.677
12.680
12.684
12.687
12.690
12.693
12.696
12.700
12.703
12.706
12.709
12.712
12.715
12.719
12.722
12.725
12.728
12.731
12.734
12.738
12.741
12.744
12.747
12.750
12.753
12.757
12.760
12.763
12.766
12.769
12.772
12.776
12.779
12.782
12.785
12.788
12.792
12.795
12.798
12.801
12.804
12.807
12.811
12.814
12.817
12.820
12.823
12.826
12.829
12.833
12.836
12.839
12.842
12.845
12.848
12.851
12.855
12.858
12.861
12.864
12.867
12.870
12.874
12.877
12.880
12.883
12.886
12.889
12.892
12.896
12.899
12.902
12.905
12.908
12.911
12.915
12.918
12.921
12.924
12.927
12.931
12.934
12.937
12.940
12.943
12.946
12.950
12.953
12.956
12.959
12.962
12.966
12.969
12.972
12.975
12.978
12.981
12.985
12.988
12.991
12.994
12.997
13.001
13.004
13.007
13.010
13.013
13.017
13.020
13.023
13.026
13.029
13.032
13.035
13.038
13.042
13.045
13.048
13.051
13.054
13.057
13.060
13.064
13.067
13.070
13.073
13.076
13.080
13.083
13.086
13.089
13.092
13.096
13.099
13.102
13.105
13.108
13.112
13.115
13.118
13.121
13.124
13.128
13.131
13.134
13.137
13.140
13.144
13.147
13.150
13.153
13.156
13.160
13.163
13.166
13.169
13.172
13.176
13.179
13.182
13.185
13.188
13.191
13.194
13.197
13.200
13.203
13.206
13.209
13.212
13.215
13.218
13.221
13.224
13.227
13.230
13.233
13.236
13.239
13.241
13.244
13.247
13.250
13.253
13.255
13.258
13.261
13.264
13.266
13.269
13.272
13.274
13.277
13.280
13.282
13.285
13.287
13.290
13.292
13.295
13.298
13.300
13.303
13.305
13.308
13.310
13.312
13.315
13.317
13.320
13.322
13.325
13.327
13.329
13.332
13.334
13.336
13.339
13.341
13.343
13.346
13.348
13.350
13.352
13.355
13.357
13.359
13.361
13.363
13.366
13.368
13.370
13.372
13.374
13.376
13.378
13.381
13.383
13.385
13.387
13.389
13.391
13.393
13.395
13.397
13.399
13.401
13.403
13.405
13.407
13.409
13.411
13.413
13.415
13.417
13.419
13.420
13.422
13.424
13.426
13.428
13.430
13.432
13.433
13.435
13.437
13.439
13.441
13.442
13.444
13.446
13.448
13.449
13.451
13.453
13.455
13.456
13.458
13.460
13.461
13.463
13.465
13.466
13.468
13.470
13.471
13.473
13.475
13.476
13.478
13.480
13.481
13.483
13.485
13.486
13.488
13.489
13.491
13.493
13.494
13.496
13.498
13.499
13.501
13.503
13.504
13.506
13.508
13.509
13.511
13.513
13.514
13.516
13.518
13.519
13.521
13.523
13.524
13.526
13.528
13.529
13.531
13.532
13.534
13.536
13.537
13.539
13.541
13.542
13.544
13.546
13.547
13.549
13.551
13.552
13.554
13.556
13.557
13.559
13.561
13.562
13.564
13.566
13.567
13.569
13.571
13.572
13.574
13.576
13.577
13.579
13.580
13.582
13.584
13.585
13.587
13.589
13.590
13.592
13.594
13.595
13.597
13.599
13.600
13.602
13.604
13.605
13.607
13.609
13.610
13.612
13.614
13.615
13.617
13.619
13.620
13.622
13.624
13.625
13.627
13.628
13.630
13.632
13.633
13.635
13.637
13.639
13.640
13.642
13.644
13.646
13.648
13.649
13.651
13.653
13.655
13.657
13.659
13.661
13.663
13.665
13.667
13.669
13.671
13.673
13.675
13.677
13.679
13.681
13.684
13.686
13.688
13.690
13.693
13.695
13.697
13.700
13.702
13.704
13.706
13.709
13.711
13.713
13.715
13.717
13.720
13.722
13.724
13.726
13.728
13.730
13.732
13.734
13.736
13.738
13.740
13.742
13.744
13.746
13.747
13.749
13.751
13.753
13.755
13.757
13.758
13.760
13.762
13.764
13.765
13.767
13.769
13.770
13.772
13.774
13.775
13.777
13.779
13.780
13.782
13.784
13.786
13.787
13.789
13.791
13.792
13.794
13.796
13.797
13.799
13.801
13.803
13.804
13.806
13.808
13.809
13.811
13.813
13.814
13.816
13.818
13.820
13.821
13.823
13.825
13.826
13.828
13.830
13.831
13.833
13.835
13.837
13.838
13.840
13.842
13.843
13.845
13.847
13.848
13.850
13.852
13.853
13.855
13.857
13.859
13.860
13.862
13.864
13.865
13.867
13.869
13.870
13.872
13.874
13.876
13.877
13.879
13.881
13.882
13.884
13.886
13.887
13.889
13.891
13.893
13.894
13.896
13.898
13.899
13.901
13.903
13.904
13.906
13.908
13.909
13.911
13.913
13.915
13.916
13.918
13.920
13.921
13.923
13.925
13.926
13.928
13.930
13.932
13.933
13.935
13.937
13.938
13.940
13.942
13.943
13.945
13.947
13.949
13.950
13.952
13.954
13.955
13.957
13.959
13.960
13.962
13.964
13.966
13.968
13.969
13.971
13.973
13.975
13.977
13.979
13.981
13.983
13.985
13.987
13.989
13.991
13.993
13.995
13.997
13.999
14.001
14.003
14.005
14.007
14.009
14.012
14.014
14.016
14.018
14.021
14.023
14.025
14.028
14.030
14.032
14.035
14.037
14.040
14.042
14.045
14.047
14.050
14.052
14.055
14.057
14.060
14.063
14.065
14.068
14.070
14.073
14.075
14.078
14.080
14.083
14.085
14.087
14.090
14.092
14.094
14.097
14.099
14.101
14.103
14.106
14.108
14.110
14.112
14.114
14.116
14.118
14.120
14.123
14.125
14.127
14.129
14.130
14.132
14.134
14.136
14.138
14.140
14.142
14.144
14.145
14.147
14.149
14.151
14.153
14.154
14.156
14.158
14.159
14.161
14.163
14.164
14.166
14.168
14.169
14.171
14.172
14.174
14.176
14.177
14.179
14.180
14.182
14.184
14.185
14.187
14.188
14.190
14.192
14.193
14.195
14.196
14.198
14.200
14.201
14.203
14.205
14.206
14.208
14.209
14.211
14.213
14.214
14.216
14.217
14.219
14.221
14.222
14.224
14.225
14.227
14.229
14.230
14.232
14.233
14.235
14.237
14.238
14.240
14.241
14.243
14.245
14.246
14.248
14.250
14.251
14.253
14.254
14.256
14.258
14.259
14.261
14.262
14.264
14.266
14.267
14.269
14.270
14.272
14.274
14.275
14.277
14.278
14.280
14.282
14.283
14.285
14.286
14.288
14.290
14.291
14.293
14.294
14.296
14.298
14.299
14.301
14.303
14.304
14.306
14.307
14.309
14.311
14.312
14.314
14.315
14.317
14.319
14.320
14.322
14.323
14.325
14.327
14.328
14.330
14.332
14.333
14.335
14.337
14.339
14.340
14.342
14.344
14.346
14.348
14.349
14.351
14.353
14.355
14.357
14.359
14.361
14.363
14.365
14.366
14.368
14.370
14.372
14.374
14.377
14.379
14.381
14.383
14.385
14.387
14.389
14.391
14.393
14.396
14.398
14.400
14.402
14.404
14.407
14.409
14.411
14.414
14.416
14.418
14.421
14.423
14.426
14.428
14.430
14.433
14.435
14.438
14.440
14.443
14.446
14.448
14.451
14.453
14.456
14.459
14.461
14.464
14.467
14.470
14.472
14.475
14.478
14.481
14.484
14.487
14.490
14.492
14.495
14.498
14.501
14.504
14.507
14.511
14.514
14.517
14.520
14.523
14.526
14.529
14.533
14.536
14.539
14.542
14.545
14.549
14.552
14.555
14.558
14.561
14.565
14.568
14.571
14.574
14.577
14.580
14.584
14.587
14.590
14.593
14.596
14.599
14.603
14.606
14.609
14.612
14.615
14.619
14.622
14.625
14.628
14.631
14.634
14.637
14.640
14.644
14.647
14.650
14.652
14.655
14.658
14.661
14.664
14.667
14.670
14.673
14.675
14.678
14.681
14.684
14.686
14.689
14.692
14.694
14.697
14.700
14.702
14.705
14.707
14.710
14.712
14.715
14.717
14.720
14.722
14.725
14.727
14.729
14.732
14.734
14.736
14.739
14.741
14.743
14.746
14.748
14.750
14.752
14.754
14.757
14.759
14.761
14.763
14.765
14.767
14.769
14.771
14.773
14.775
14.777
14.779
14.781
14.783
14.785
14.787
14.789
14.791
14.793
14.795
14.797
14.799
14.800
14.802
14.804
14.806
14.808
14.809
14.811
14.813
14.815
14.816
14.818
14.820
14.821
14.823
14.825
14.826
14.828
14.830
14.831
14.833
14.835
14.836
14.838
14.840
14.841
14.843
14.845
14.846
14.848
14.850
14.852
14.853
14.855
14.857
14.858
14.860
14.862
14.863
14.865
14.867
14.868
14.870
14.872
14.873
14.875
14.877
14.878
14.880
14.882
14.883
14.885
14.887
14.888
14.890
14.892
14.893
14.895
14.897
14.898
14.900
14.902
14.903
14.905
14.907
14.908
14.910
14.912
14.913
14.915
14.917
14.918
14.920
14.922
14.923
14.925
14.927
14.929
14.930
14.932
14.934
14.935
14.937
14.939
14.940
14.942
14.944
14.945
14.947
14.949
14.950
14.952
14.954
14.955
14.957
14.959
14.960
14.962
14.964
14.965
14.967
14.969
14.970
14.972
14.974
14.975
14.977
14.979
14.980
14.982
14.984
14.985
14.987
14.989
14.990
14.992
14.994
14.995
14.997
14.999
15.001
15.002
15.004
15.006
15.008
15.009
15.011
15.013
15.015
15.017
15.019
15.021
15.022
15.024
15.026
15.028
15.030
15.032
15.034
15.036
15.038
15.041
15.043
15.045
15.047
15.049
15.051
15.053
15.056
15.058
15.060
15.062
15.065
15.067
15.069
15.072
15.074
15.077
15.079
15.082
15.084
15.087
15.089
15.092
15.094
15.097
15.100
15.102
15.105
15.107
15.110
15.113
15.115
15.118
15.120
15.123
15.125
15.128
15.130
15.133
15.135
15.138
15.140
15.142
15.145
15.147
15.149
15.151
15.154
15.156
15.158
15.160
15.162
15.165
15.167
15.169
15.171
15.173
15.175
15.177
15.179
15.181
15.183
15.185
15.187
15.189
15.191
15.193
15.194
15.196
15.198
15.200
15.202
15.204
15.205
15.207
15.209
15.210
15.212
15.214
15.216
15.217
15.219
15.221
15.223
15.224
15.226
15.228
15.230
15.231
15.233
15.235
15.237
15.238
15.240
15.242
15.244
15.245
15.247
15.249
15.251
15.252
15.254
15.256
15.258
15.259
15.261
15.263
15.265
15.266
15.268
15.270
15.272
15.273
15.275
15.277
15.279
15.280
15.282
15.284
15.286
15.287
15.289
15.291
15.293
15.294
15.296
15.298
15.300
15.301
15.303
15.305
15.307
15.308
15.310
15.312
15.314
15.315
15.317
15.319
15.321
15.322
15.324
15.326
15.328
15.329
15.331
15.333
15.335
15.336
15.338
15.340
15.342
15.343
15.345
15.347
15.349
15.350
15.352
15.354
15.356
15.357
15.359
15.361
15.363
15.364
15.366
15.368
15.370
15.371
15.373
15.375
15.377
15.378
15.380
15.382
15.384
15.385
15.387
15.389
15.391
15.392
15.394
15.396
15.398
15.399
15.401
15.403
15.405
15.406
15.408
15.410
15.412
15.414
15.416
15.418
15.419
15.421
15.423
15.425
15.427
15.429
15.431
15.433
15.435
15.437
15.439
15.441
15.443
15.446
15.448
15.450
15.452
15.454
15.456
15.459
15.461
15.463
15.465
15.468
15.470
15.472
15.475
15.477
15.479
15.482
15.484
15.487
15.489
15.492
15.494
15.497
15.499
15.502
15.504
15.507
15.510
15.512
15.515
15.518
15.520
15.523
15.526
15.529
15.532
15.534
15.537
15.540
15.543
15.546
15.549
15.552
15.555
15.558
15.561
15.564
15.567
15.570
15.573
15.577
15.580
15.583
15.585
15.588
15.591
15.594
15.597
15.600
15.603
15.606
15.609
15.611
15.614
15.617
15.620
15.622
15.625
15.628
15.630
15.633
15.636
15.638
15.641
15.643
15.646
15.648
15.651
15.653
15.656
15.658
15.661
15.663
15.665
15.668
15.670
15.672
15.675
15.677
15.679
15.681
15.684
15.686
15.688
15.690
15.692
15.694
15.697
15.699
15.701
15.703
15.705
15.707
15.709
15.711
15.713
15.715
15.717
15.719
15.720
15.722
15.724
15.726
15.728
15.730
15.732
15.733
15.735
15.737
15.739
15.740
15.742
15.744
15.745
15.747
15.749
15.750
15.752
15.754
15.756
15.757
15.759
15.761
15.762
15.764
15.766
15.768
15.769
15.771
15.773
15.774
15.776
15.778
15.779
15.781
15.783
15.785
15.786
15.788
15.790
15.791
15.793
15.795
15.797
15.798
15.800
15.802
15.803
15.805
15.807
15.809
15.810
15.812
15.814
15.815
15.817
15.819
15.821
15.822
15.824
15.826
15.827
15.829
15.831
15.833
15.834
15.836
15.838
15.839
15.841
15.843
15.845
15.846
15.848
15.850
15.851
15.853
15.855
15.857
15.858
15.860
15.862
15.863
15.865
15.867
15.869
15.870
15.872
15.874
15.875
15.877
15.879
15.880
15.882
15.884
15.886
15.887
15.889
15.891
15.892
15.894
15.896
15.898
15.899
15.901
15.903
15.904
15.906
15.908
15.910
15.911
15.913
15.915
15.916
15.918
15.920
15.922
15.923
15.925
15.927
15.928
15.930
15.932
15.934
15.935
15.937
15.939
15.941
15.942
15.944
15.946
15.948
15.950
15.951
15.953
15.955
15.957
15.959
15.961
15.963
15.965
15.967
15.969
15.971
15.973
15.975
15.977
15.979
15.982
15.984
15.986
15.988
15.990
15.993
15.995
15.997
16.000
16.002
16.004
16.007
16.009
16.011
16.014
16.016
16.019
16.022
16.025
16.028
16.031
16.034
16.037
16.040
16.043
16.045
16.048
16.051
16.054
16.057
16.060
16.062
16.065
16.068
16.071
16.073
16.076
16.079
16.081
16.084
16.087
16.089
16.092
16.095
16.097
16.100
16.103
16.105
16.108
16.110
16.113
16.115
16.118
16.120
16.123
16.125
16.128
16.130
16.133
16.135
16.137
16.140
16.142
16.145
16.147
16.149
16.152
16.154
16.156
16.159
16.161
16.163
16.165
16.168
16.170
16.172
16.174
16.177
16.179
16.181
16.183
16.185
16.187
16.190
16.192
16.194
16.196
16.198
16.200
16.202
16.204
16.206
16.208
16.211
16.213
16.215
16.217
16.219
16.221
16.223
16.225
16.226
16.228
16.230
16.232
16.234
16.236
16.238
16.240
16.242
16.244
16.246
16.247
16.249
16.251
16.253
16.255
16.257
16.258
16.260
16.262
16.264
16.266
16.267
16.269
16.271
16.273
16.274
16.276
16.278
16.279
16.281
16.283
16.284
16.286
16.288
16.289
16.291
16.293
16.294
16.296
16.297
16.299
16.301
16.302
16.304
16.305
16.307
16.308
16.310
16.312
16.313
16.315
16.316
16.318
16.319
16.321
16.322
16.324
16.325
16.327
16.328
16.329
16.331
16.332
16.334
16.335
16.337
16.338
16.339
16.341
16.342
16.343
16.345
16.346
16.348
16.349
16.350
16.352
16.353
16.354
16.356
16.357
16.358
16.359
16.361
16.362
16.363
16.365
16.366
16.367
16.368
16.370
16.371
16.372
16.373
16.375
16.376
16.377
16.378
16.379
16.381
16.382
16.383
16.384
16.385
16.386
16.388
16.389
16.390
16.391
16.392
16.393
16.394
16.395
16.397
16.398
16.399
16.400
16.401
16.402
16.403
16.404
16.405
16.406
16.407
16.408
16.409
16.411
16.412
16.413
16.414
16.415
16.416
16.417
16.418
16.419
16.420
16.421
16.422
16.423
16.424
16.425
16.426
16.426
16.427
16.428
16.429
16.430
16.431
16.432
16.433
16.434
16.435
16.436
16.437
16.438
16.439
16.439
16.440
16.441
16.442
16.443
16.444
16.445
16.446
16.446
16.447
16.448
16.449
16.450
16.451
16.451
16.452
16.453
16.454
16.455
16.456
16.456
16.457
16.458
16.459
16.460
16.460
16.461
16.462
16.463
16.464
16.464
16.465
16.466
16.467
16.467
16.468
16.469
16.470
16.470
16.471
16.472
16.473
16.473
16.474
16.475
16.475
16.476
16.477
16.478
16.478
16.479
16.480
16.480
16.481
16.482
16.482
16.483
16.484
16.484
16.485
16.486
16.486
16.487
16.488
16.488
16.489
16.490
16.490
16.491
16.492
16.492
16.493
16.493
16.494
16.495
16.495
16.496
16.496
16.497
16.498
16.498
16.499
16.499
16.500
16.501
16.501
16.502
16.502
16.503
16.504
16.504
16.505
16.505
16.506
16.506
16.507
16.507
16.508
16.509
16.509
16.510
16.510
16.511
16.511
16.512
16.512
16.513
16.513
16.514
16.514
16.515
16.515
16.516
16.516
16.517
16.517
16.518
16.518
16.519
16.519
16.520
16.520
16.521
16.521
16.522
16.522
16.523
16.523
16.524
16.524
16.525
16.525
16.526
16.526
16.527
16.527
16.528
16.528
16.528
16.529
16.529
16.530
16.530
16.531
16.531
16.531
16.532
16.532
16.533
16.533
16.534
16.534
16.534
16.535
16.535
16.536
16.536
16.537
16.537
16.537
16.538
16.538
16.539
16.539
16.539
16.540
16.540
16.540
16.541
16.541
16.542
16.542
16.542
16.543
16.543
16.544
16.544
16.544
16.545
16.545
16.545
16.546
16.546
16.546
16.547
16.547
16.547
16.548
16.548
16.549
16.549
16.549
16.550
16.550
16.550
16.551
16.551
16.551
16.552
16.552
16.552
16.553
16.553
16.553
16.554
16.554
16.554
16.555
16.555
16.555
16.555
16.556
16.556
16.556
16.557
16.557
16.557
16.558
16.558
16.558
16.559
16.559
16.559
16.559
16.560
16.560
16.560
16.561
16.561
16.561
16.561
16.562
16.562
16.562
16.563
16.563
16.563
16.563
16.564
16.564
16.564
16.564
16.565
16.565
16.565
16.565
16.566
16.566
16.566
16.567
16.567
16.567
16.567
16.568
16.568
16.568
16.568
16.569
16.569
16.569
16.569
16.570

