0.301
0.301
0.302
0.303
0.304
0.304
0.305
0.306
0.307
0.307
0.308
0.309
0.310
0.311
0.311
0.312
0.313
0.314
0.314
0.315
0.316
0.317
0.318
0.318
0.319
0.320
0.321
0.322
0.322
0.323
0.324
0.325
0.326
0.326
0.327
0.328
0.329
0.330
0.331
0.331
0.332
0.333
0.334
0.335
0.336
0.336
0.337
0.338
0.339
0.340
0.341
0.341
0.342
0.343
0.344
0.345
0.346
0.347
0.347
0.348
0.349
0.350
0.351
0.352
0.353
0.354
0.355
0.355
0.356
0.357
0.358
0.359
0.360
0.361
0.362
0.363
0.363
0.364
0.365
0.366
0.367
0.368
0.369
0.370
0.371
0.372
0.373
0.374
0.375
0.375
0.376
0.377
0.378
0.379
0.380
0.381
0.382
0.383
0.384
0.385
0.386
0.387
0.388
0.389
0.390
0.391
0.392
0.393
0.394
0.395
0.396
0.397
0.398
0.399
0.400
0.401
0.402
0.403
0.404
0.405
0.406
0.407
0.408
0.409
0.410
0.411
0.412
0.413
0.414
0.415
0.416
0.417
0.418
0.419
0.420
0.421
0.422
0.423
0.424
0.425
0.427
0.428
0.429
0.430
0.431
0.432
0.433
0.434
0.435
0.436
0.437
0.438
0.440
0.441
0.442
0.443
0.444
0.445
0.446
0.447
0.448
0.450
0.451
0.452
0.453
0.454
0.455
0.456
0.457
0.459
0.460
0.461
0.462
0.463
0.464
0.466
0.467
0.468
0.469
0.470
0.471
0.473
0.474
0.475
0.476
0.477
0.479
0.480
0.481
0.482
0.483
0.485
0.486
0.487
0.488
0.489
0.491
0.492
0.493
0.494
0.496
0.497
0.498
0.499
0.501
0.502
0.503
0.504
0.506
0.507
0.508
0.509
0.511
0.512
0.513
0.514
0.516
0.517
0.518
0.520
0.521
0.522
0.524
0.525
0.526
0.527
0.529
0.530
0.531
0.533
0.534
0.535
0.537
0.538
0.539
0.541
0.542
0.544
0.545
0.546
0.548
0.549
0.550
0.552
0.553
0.555
0.556
0.557
0.559
0.560
0.562
0.563
0.564
0.566
0.567
0.569
0.570
0.571
0.573
0.574
0.576
0.577
0.579
0.580
0.582
0.583
0.584
0.586
0.587
0.589
0.590
0.592
0.593
0.595
0.596
0.598
0.599
0.601
0.602
0.604
0.605
0.607
0.608
0.610
0.611
0.613
0.614
0.616
0.617
0.619
0.621
0.622
0.624
0.625
0.627
0.628
0.630
0.631
0.633
0.635
0.636
0.638
0.639
0.641
0.643
0.644
0.646
0.647
0.649
0.651
0.652
0.654
0.656
0.657
0.659
0.661
0.662
0.664
0.666
0.667
0.669
0.671
0.672
0.674
0.676
0.677
0.679
0.681
0.682
0.684
0.686
0.688
0.689
0.691
0.693
0.694
0.696
0.698
0.700
0.701
0.703
0.705
0.707
0.708
0.710
0.712
0.714
0.716
0.717
0.719
0.721
0.723
0.725
0.726
0.728
0.730
0.732
0.734
0.736
0.737
0.739
0.741
0.743
0.745
0.747
0.748
0.750
0.752
0.754
0.756
0.758
0.760
0.762
0.764
0.766
0.767
0.769
0.771
0.773
0.775
0.777
0.779
0.781
0.783
0.785
0.787
0.789
0.791
0.793
0.795
0.797
0.799
0.801
0.803
0.805
0.807
0.809
0.811
0.813
0.815
0.817
0.819
0.821
0.823
0.825
0.827
0.829
0.831
0.833
0.835
0.838
0.840
0.842
0.844
0.846
0.848
0.850
0.852
0.855
0.857
0.859
0.861
0.863
0.865
0.867
0.870
0.872
0.874
0.876
0.878
0.881
0.883
0.885
0.887
0.889
0.892
0.894
0.896
0.898
0.901
0.903
0.905
0.907
0.910
0.912
0.914
0.916
0.919
0.921
0.923
0.926
0.928
0.930
0.933
0.935
0.937
0.940
0.942
0.944
0.947
0.949
0.951
0.954
0.956
0.959
0.961
0.963
0.966
0.968
0.971
0.973
0.976
0.978
0.980
0.983
0.985
0.988
0.990
0.993
0.995
0.998
1.000
1.003
1.005
1.008
1.010
1.013
1.015
1.018
1.020
1.023
1.026
1.028
1.031
1.033
1.036
1.038
1.041
1.044
1.046
1.049
1.051
1.054
1.057
1.059
1.062
1.065
1.067
1.070
1.073
1.075
1.078
1.081
1.084
1.086
1.089
1.092
1.094
1.097
1.100
1.103
1.105
1.108
1.111
1.114
1.116
1.119
1.122
1.125
1.128
1.131
1.133
1.136
1.139
1.142
1.145
1.148
1.150
1.153
1.156
1.159
1.162
1.165
1.168
1.171
1.174
1.177
1.180
1.183
1.186
1.188
1.191
1.194
1.197
1.200
1.203
1.206
1.209
1.212
1.216
1.219
1.222
1.225
1.228
1.231
1.234
1.237
1.240
1.243
1.246
1.249
1.253
1.256
1.259
1.262
1.265
1.268
1.271
1.275
1.278
1.281
1.284
1.287
1.291
1.294
1.297
1.300
1.304
1.307
1.310
1.313
1.317
1.320
1.323
1.327
1.330
1.333
1.337
1.340
1.343
1.347
1.350
1.353
1.357
1.360
1.364
1.367
1.370
1.374
1.377
1.381
1.384
1.388
1.391
1.395
1.398
1.402
1.405
1.409
1.412
1.416
1.419
1.423
1.426
1.430
1.434
1.437
1.441
1.444
1.448
1.452
1.455
1.459
1.462
1.466
1.470
1.473
1.477
1.481
1.485
1.488
1.492
1.496
1.499
1.503
1.507
1.511
1.515
1.518
1.522
1.526
1.530
1.534
1.537
1.541
1.545
1.549
1.553
1.557
1.561
1.565
1.568
1.572
1.576
1.580
1.584
1.588
1.592
1.596
1.600
1.604
1.608
1.612
1.616
1.620
1.624
1.628
1.632
1.637
1.641
1.645
1.649
1.653
1.657
1.661
1.665
1.670
1.674
1.678
1.682
1.686
1.691
1.695
1.699
1.703
1.708
1.712
1.716
1.720
1.725
1.729
1.733
1.738
1.742
1.746
1.751
1.755
1.760
1.764
1.768
1.773
1.777
1.782
1.786
1.791
1.795
1.800
1.800
1.800
1.800
1.800
1.800
1.800
1.800
1.800
1.800
1.800
1.800
1.800
1.800
1.800
1.800
1.800
1.800
1.800
1.800
1.800
1.800
1.810
1.819
1.829
1.838
1.848
1.858
1.868
1.878
1.888
1.898
1.908
1.918
1.928
1.938
1.949
1.959
1.969
1.980
1.990
2.001
2.012
2.022
2.033
2.044
2.055
2.065
2.076
2.087
2.098
2.110
2.121
2.132
2.143
2.155
2.166
2.178
2.189
2.201
2.212
2.224
2.236
2.248
2.260
2.272
2.284
2.296
2.308
2.320
2.333
2.345
2.357
2.370
2.383
2.395
2.408
2.421
2.434
2.446
2.459
2.472
2.486
2.499
2.512
2.525
2.539
2.552
2.566
2.579
2.593
2.607
2.621
2.635
2.648
2.663
2.677
2.691
2.705
2.719
2.734
2.748
2.763
2.778
2.792
2.807
2.822
2.837
2.852
2.867
2.882
2.898
2.913
2.929
2.944
2.960
2.975
2.991
3.007
3.023
3.039
3.055
3.071
3.088
3.104
3.120
3.137
3.154
3.170
3.187
3.204
3.221
3.238
3.255
3.271
3.288
3.305
3.322
3.339
3.356
3.372
3.389
3.406
3.423
3.440
3.456
3.473
3.490
3.507
3.524
3.541
3.558
3.574
3.591
3.608
3.625
3.642
3.659
3.676
3.693
3.709
3.726
3.743
3.760
3.777
3.794
3.811
3.828
3.844
3.861
3.878
3.895
3.912
3.929
3.945
3.962
3.979
3.996
4.013
4.030
4.046
4.063
4.080
4.097
4.114
4.131
4.148
4.164
4.181
4.198
4.215
4.232
4.248
4.265
4.282
4.299
4.316
4.333
4.349
4.366
4.383
4.400
4.416
4.433
4.450
4.467
4.483
4.500
4.517
4.534
4.550
4.567
4.584
4.601
4.618
4.634
4.651
4.668
4.685
4.702
4.719
4.736
4.753
4.769
4.786
4.803
4.820
4.837
4.854
4.871
4.888
4.904
4.921
4.937
4.954
4.970
4.986
5.003
5.019
5.036
5.053
5.070
5.087
5.103
5.120
5.137
5.154
5.170
5.187
5.204
5.220
5.237
5.254
5.271
5.288
5.305
5.322
5.338
5.355
5.372
5.389
5.406
5.423
5.440
5.457
5.474
5.490
5.507
5.524
5.541
5.558
5.575
5.592
5.609
5.626
5.643
5.659
5.676
5.693
5.710
5.707
5.689
5.672
5.655
5.638
5.621
5.604
5.587
5.570
5.553
5.536
5.519
5.502
5.485
5.467
5.450
5.433
5.416
5.399
5.382
5.365
5.347
5.330
5.313
5.296
5.279
5.262
5.245
5.228
5.210
5.193
5.176
5.158
5.141
5.124
5.106
5.089
5.072
5.054
5.037
5.019
5.002
4.985
4.967
4.950
4.933
4.915
4.898
4.880
4.863
4.846
4.828
4.811
4.794
4.776
4.759
4.741
4.724
4.706
4.689
4.672
4.654
4.637
4.619
4.602
4.584
4.567
4.549
4.532
4.514
4.497
4.479
4.462
4.444
4.427
4.409
4.392
4.375
4.357
4.340
4.322
4.305
4.287
4.270
4.252
4.235
4.217
4.200
4.182
4.165
4.147
4.130
4.112
4.095
4.077
4.060
4.042
4.025
4.007
3.990
3.972
3.955
3.937
3.920
3.902
3.885
3.868
3.850
3.833
3.815
3.798
3.780
3.763
3.745
3.728
3.711
3.693
3.676
3.658
3.641
3.624
3.606
3.589
3.571
3.554
3.537
3.519
3.502
3.484
3.467
3.450
3.432
3.415
3.397
3.380
3.363
3.345
3.328
3.310
3.293
3.275
3.258
3.240
3.223
3.205
3.188
3.171
3.153
3.136
3.119
3.102
3.085
3.068
3.051
3.035
3.018
3.002
2.985
2.969
2.953
2.937
2.921
2.905
2.889
2.873
2.858
2.842
2.827
2.811
2.796
2.781
2.765
2.750
2.735
2.720
2.706
2.691
2.676
2.661
2.647
2.633
2.618
2.604
2.590
2.576
2.562
2.548
2.534
2.520
2.506
2.492
2.479
2.465
2.452
2.438
2.425
2.412
2.399
2.386
2.373
2.360
2.347
2.334
2.321
2.309
2.296
2.284
2.271
2.259
2.246
2.234
2.222
2.210
2.198
2.186
2.174
2.162
2.150
2.139
2.127
2.115
2.104
2.092
2.081
2.069
2.058
2.047
2.036
2.025
2.014
2.003
1.992
1.981
1.970
1.959
1.949
1.938
1.927
1.917
1.906
1.896
1.886
1.875
1.865
1.855
1.845
1.835
1.825
1.815
1.805
1.795
1.785
1.776
1.766
1.756
1.747
1.737
1.728
1.718
1.709
1.700
1.690
1.681
1.672
1.663
1.654
1.645
1.639
1.639
1.639
1.639
1.639
1.639
1.639
1.639
1.639
1.639
1.639
1.639
1.639
1.639
1.639
1.639
1.639
1.639
1.639
1.639
1.639
1.639
1.639
1.639
1.639
1.639
1.639
1.639
1.639
1.639
1.639
1.639
1.639
1.639
1.639
1.639
1.639
1.639
1.639
1.639
1.639
1.639
1.639
1.639
1.639
1.639
1.639
1.639
1.639
1.639
1.639
1.639
1.639
1.639
1.639
1.639
1.639
1.639
1.639
1.639
1.639
1.639
1.639
1.639
1.639
1.639
1.639
1.639
1.639
1.639
1.639
1.649
1.665
1.682
1.699
1.716
1.733
1.750
1.768
1.786
1.803
1.822
1.840
1.858
1.877
1.896
1.915
1.934
1.953
1.973
1.992
2.012
2.033
2.053
2.074
2.080
2.056
2.033
2.011
1.988
1.966
1.943
1.921
1.898
1.875
1.853
1.830
1.808
1.787
1.765
1.744
1.723
1.703
1.682
1.662
1.642
1.623
1.603
1.584
1.565
1.547
1.528
1.510
1.492
1.475
1.475
1.475
1.475
1.475
1.475
1.475
1.475
1.475
1.475
1.475
1.475
1.475
1.475
1.475
1.475
1.475
1.475
1.475
1.475
1.475
1.475
1.475
1.475
1.475
1.475
1.475
1.475
1.475
1.475
1.475
1.475
1.475
1.475
1.475
1.475
1.475
1.475
1.475
1.475
1.475
1.475
1.475
1.475
1.475
1.475
1.475
1.475
1.475
1.475
1.475
1.475
1.475
1.475
1.475
1.475
1.475
1.475
1.475
1.475
1.475
1.475
1.475
1.475
1.475
1.475
1.494
1.514
1.534
1.555
1.575
1.596
1.617
1.639
1.661
1.683
1.705
1.728
1.729
1.709
1.689
1.669
1.650
1.631
1.612
1.593
1.575
1.556
1.538
1.529
1.529
1.529
1.529
1.529
1.529
1.529
1.529
1.529
1.529
1.529
1.529
1.529
1.529
1.529
1.529
1.529
1.529
1.529
1.529
1.529
1.529
1.529
1.529
1.529
1.529
1.529
1.529
1.529
1.529
1.529
1.529
1.529
1.529
1.529
1.529
1.529
1.529
1.529
1.529
1.529
1.529
1.529
1.529
1.529
1.529
1.529
1.529
1.529
1.529
1.529
1.529
1.529
1.529
1.529
1.529
1.529
1.529
1.529
1.529
1.529
1.529
1.529
1.529
1.529
1.529
1.529
1.529
1.529
1.529
1.529
1.529
1.529
1.529
1.529
1.529
1.529
1.529
1.529
1.529
1.529
1.529
1.529
1.529
1.529
1.529
1.529
1.529
1.529
1.529
1.529
1.529
1.529
1.529
1.529
1.529
1.529
1.529
1.529
1.529
1.529
1.529
1.529
1.529
1.529
1.529
1.529
1.529
1.529
1.529
1.529
1.529
1.529
1.529
1.529
1.529
1.529
1.529
1.529
1.529
1.529
1.529
1.529
1.529
1.529
1.529
1.529
1.529
1.529
1.529
1.529
1.529
1.529
1.529
1.529
1.529
1.529
1.529
1.529
1.529
1.529
1.529
1.529
1.529
1.529
1.529
1.529
1.529
1.529
1.529
1.529
1.529
1.529
1.529
1.529
1.529
1.529
1.529
1.529
1.529
1.529
1.529
1.529
1.529
1.529
1.529
1.529
1.529
1.529
1.529
1.529
1.529
1.529
1.529
1.529
1.529
1.539
1.557
1.575
1.593
1.612
1.631
1.649
1.669
1.688
1.708
1.728
1.748
1.728
1.707
1.685
1.664
1.643
1.623
1.602
1.582
1.563
1.543
1.524
1.505
1.497
1.497
1.497
1.497
1.497
1.497
1.497
1.497
1.497
1.497
1.497
1.497
1.497
1.497
1.497
1.497
1.497
1.497
1.497
1.497
1.497
1.497
1.497
1.497
1.497
1.497
1.497
1.497
1.497
1.497
1.497
1.497
1.497
1.497
1.497
1.497
1.497
1.497
1.497
1.497
1.497
1.497
1.497
1.497
1.497
1.497
1.497
1.497
1.497
1.497
1.497
1.497
1.497
1.497
1.497
1.497
1.497
1.497
1.497
1.497
1.497
1.497
1.497
1.497
1.497
1.497
1.497
1.497
1.497
1.497
1.497
1.497
1.497
1.497
1.497
1.497
1.497
1.497
1.497
1.497
1.497
1.497
1.497
1.497
1.497
1.497
1.497
1.497
1.497
1.497
1.497
1.497
1.497
1.497
1.497
1.497
1.497
1.497
1.497
1.497
1.497
1.497
1.497
1.497
1.497
1.497
1.497
1.497
1.497
1.497
1.497
1.497
1.497
1.497
1.497
1.497
1.497
1.497
1.497
1.497
1.497
1.497
1.497
1.497
1.497
1.497
1.497
1.497
1.497
1.497
1.497
1.497
1.497
1.497
1.497
1.497
1.497
1.497
1.497
1.497
1.497
1.497
1.497
1.497
1.497
1.497
1.497
1.497
1.497
1.497
1.497
1.497
1.497
1.497
1.497
1.497
1.497
1.497
1.497
1.497
1.497
1.497
1.497
1.497
1.497
1.497
1.503
1.521
1.540
1.559
1.579
1.598
1.618
1.638
1.659
1.679
1.700
1.721
1.722
1.701
1.680
1.660
1.640
1.620
1.600
1.581
1.562
1.543
1.524
1.506
1.501
1.501
1.501
1.501
1.501
1.501
1.501
1.501
1.501
1.501
1.501
1.501
1.501
1.501
1.501
1.501
1.501
1.501
1.501
1.501
1.501
1.501
1.501
1.501
1.501
1.501
1.501
1.501
1.501
1.501
1.501
1.501
1.501
1.501
1.501
1.501
1.501
1.501
1.501
1.501
1.501
1.501
1.501
1.501
1.501
1.501
1.501
1.501
1.501
1.501
1.501
1.501
1.501
1.501
1.501
1.501
1.501
1.501
1.501
1.501
1.501
1.501
1.501
1.501
1.501
1.501
1.501
1.501
1.501
1.501
1.501
1.501
1.501
1.501
1.501
1.501
1.501
1.501
1.501
1.501
1.501
1.501
1.501
1.501
1.501
1.501
1.501
1.501
1.501
1.501
1.501
1.501
1.501
1.501
1.501
1.501
1.501
1.501
1.501
1.501
1.501
1.501
1.501
1.501
1.501
1.501
1.501
1.501
1.501
1.501
1.501
1.501
1.501
1.501
1.501
1.501
1.501
1.501
1.501
1.501
1.501
1.501
1.501
1.501
1.501
1.501
1.501
1.501
1.501
1.501
1.501
1.501
1.501
1.501
1.501
1.501
1.501
1.501
1.501
1.501
1.501
1.501
1.501
1.501
1.501
1.501
1.501
1.501
1.501
1.501
1.501
1.501
1.501
1.501
1.501
1.501
1.501
1.501
1.501
1.501
1.501
1.501
1.501
1.501
1.519
1.541
1.563
1.586
1.609
1.632
1.656
1.680
1.704
1.729
1.754
1.779
1.805
1.831
1.858
1.850
1.837
1.825
1.813
1.801
1.788
1.776
1.773
1.773
1.773
1.773
1.773
1.773
1.773
1.773
1.773
1.773
1.773
1.773
1.773
1.773
1.773
1.773
1.773
1.773
1.773
1.773
1.773
1.773
1.773
1.773
1.773
1.773
1.773
1.773
1.773
1.773
1.773
1.773
1.773
1.773
1.773
1.773
1.773
1.773
1.773
1.773
1.773
1.773
1.773
1.773
1.773
1.773
1.773
1.773
1.773
1.773
1.773
1.773
1.773
1.773
1.773
1.773
1.773
1.773
1.773
1.773
1.773
1.773
1.773
1.773
1.773
1.773
1.773
1.773
1.773
1.773
1.773
1.773
1.773
1.773
1.773
1.773
1.773
1.773
1.773
1.773
1.773
1.773
1.773
1.773
1.773
1.773
1.795
1.817
1.839
1.862
1.885
1.909
1.932
1.956
1.980
2.005
2.030
2.055
2.081
2.106
2.132
2.159
2.186
2.213
2.240
2.268
2.296
2.315
2.313
2.311
2.309
2.307
2.305
2.306
2.308
2.311
2.313
2.316
2.318
2.321
2.323
2.326
2.328
2.331
2.333
2.336
2.338
2.341
2.343
2.346
2.348
2.351
2.353
2.356
2.358
2.361
2.363
2.366
2.368
2.371
2.374
2.376
2.379
2.381
2.384
2.386
2.389
2.391
2.394
2.397
2.399
2.402
2.404
2.407
2.410
2.412
2.415
2.417
2.420
2.423
2.425
2.428
2.430
2.433
2.436
2.438
2.441
2.443
2.446
2.449
2.451
2.454
2.457
2.459
2.462
2.465
2.467
2.470
2.473
2.475
2.478
2.481
2.483
2.486
2.489
2.491
2.494
2.497
2.499
2.502
2.505
2.507
2.510
2.513
2.515
2.518
2.521
2.524
2.526
2.529
2.532
2.534
2.537
2.540
2.543
2.545
2.548
2.551
2.554
2.556
2.559
2.562
2.565
2.567
2.570
2.573
2.576
2.578
2.581
2.584
2.587
2.590
2.592
2.595
2.598
2.601
2.604
2.606
2.609
2.612
2.615
2.618
2.620
2.623
2.626
2.629
2.632
2.635
2.637
2.640
2.643
2.646
2.649
2.652
2.654
2.657
2.660
2.663
2.666
2.669
2.672
2.674
2.677
2.680
2.683
2.686
2.689
2.692
2.695
2.697
2.700
2.703
2.706
2.709
2.712
2.715
2.724
2.738
2.752
2.765
2.779
2.793
2.807
2.821
2.835
2.849
2.863
2.877
2.891
2.904
2.918
2.932
2.946
2.959
2.973
2.986
3.000
3.013
3.027
3.041
3.055
3.069
3.083
3.097
3.111
3.125
3.139
3.153
3.168
3.183
3.198
3.214
3.229
3.243
3.257
3.271
3.285
3.300
3.315
3.330
3.346
3.361
3.377
3.392
3.408
3.423
3.439
3.454
3.470
3.485
3.499
3.514
3.529
3.543
3.559
3.573
3.589
3.604
3.619
3.634
3.649
3.664
3.679
3.694
3.710
3.725
3.740
3.756
3.771
3.786
3.801
3.817
3.832
3.848
3.863
3.878
3.893
3.909
3.924
3.939
3.955
3.970
3.985
4.001
4.016
4.031
4.046
4.062
4.077
4.092
4.107
4.122
4.137
4.151
4.166
4.182
4.198
4.214
4.229
4.245
4.261
4.277
4.293
4.309
4.325
4.341
4.356
4.372
4.388
4.404
4.420
4.436
4.452
4.468
4.484
4.500
4.516
4.532
4.548
4.564
4.580
4.596
4.601
4.579
4.557
4.536
4.514
4.492
4.471
4.449
4.428
4.407
4.386
4.365
4.344
4.323
4.302
4.280
4.259
4.238
4.217
4.195
4.174
4.153
4.132
4.110
4.089
4.068
4.047
4.025
4.004
3.983
3.961
3.940
3.919
3.898
3.876
3.855
3.833
3.812
3.790
3.769
3.748
3.726
3.705
3.683
3.662
3.640
3.619
3.597
3.576
3.554
3.533
3.511
3.490
3.468
3.447
3.425
3.404
3.382
3.360
3.339
3.317
3.296
3.274
3.253
3.231
3.209
3.188
3.166
3.145
3.124
3.102
3.081
3.061
3.040
3.019
2.999
2.979
2.958
2.938
2.918
2.899
2.879
2.860
2.840
2.821
2.802
2.783
2.764
2.745
2.727
2.708
2.690
2.672
2.654
2.636
2.618
2.600
2.583
2.565
2.548
2.531
2.513
2.496
2.480
2.463
2.446
2.429
2.413
2.397
2.380
2.364
2.348
2.332
2.317
2.301
2.285
2.270
2.255
2.239
2.224
2.209
2.194
2.179
2.165
2.150
2.135
2.121
2.107
2.092
2.078
2.064
2.050
2.036
2.022
2.009
1.995
1.982
1.968
1.955
1.942
1.929
1.916
1.903
1.890
1.877
1.864
1.852
1.839
1.827
1.814
1.802
1.790
1.778
1.766
1.754
1.743
1.743
1.743
1.743
1.743
1.743
1.743
1.743
1.743
1.743
1.743
1.743
1.743
1.743
1.743
1.743
1.743
1.743
1.743
1.743
1.743
1.743
1.743
1.743
1.743
1.743
1.743
1.743
1.743
1.743
1.743
1.743
1.743
1.743
1.743
1.743
1.743
1.743
1.743
1.743
1.743
1.743
1.743
1.743
1.743
1.743
1.743
1.743
1.743
1.743
1.743
1.743
1.743
1.743
1.743
1.743
1.743
1.743
1.743
1.743
1.743
1.743
1.743
1.743
1.743
1.743
1.743
1.743
1.743
1.743
1.743
1.743
1.743
1.743
1.743
1.743
1.743
1.743
1.743
1.743
1.743
1.743
1.743
1.743
1.743
1.743
1.743
1.743
1.743
1.743
1.743
1.743
1.743
1.743
1.743
1.743
1.743
1.743
1.743
1.743
1.743
1.743
1.743
1.743
1.743
1.743
1.743
1.743
1.743
1.743
1.743
1.743
1.743
1.751
1.763
1.775
1.787
1.799
1.811
1.824
1.836
1.849
1.861
1.874
1.887
1.900
1.913
1.926
1.939
1.952
1.966
1.979
1.993
2.006
2.020
2.034
2.048
2.062
2.076
2.090
2.104
2.119
2.133
2.148
2.163
2.177
2.192
2.207
2.222
2.238
2.253
2.268
2.284
2.299
2.315
2.331
2.347
2.363
2.379
2.395
2.412
2.428
2.445
2.462
2.478
2.495
2.513
2.530
2.547
2.564
2.582
2.600
2.617
2.635
2.653
2.671
2.690
2.708
2.727
2.745
2.764
2.783
2.802
2.821
2.840
2.860
2.879
2.899
2.919
2.939
2.959
2.979
3.000
3.020
3.041
3.062
3.083
3.104
3.125
3.146
3.167
3.189
3.210
3.231
3.252
3.274
3.295
3.316
3.337
3.359
3.380
3.402
3.423
3.445
3.466
3.488
3.510
3.531
3.553
3.575
3.596
3.618
3.639
3.661
3.682
3.704
3.725
3.747
3.769
3.790
3.812
3.834
3.856
3.877
3.899
3.921
3.942
3.964
3.985
4.007
4.029
4.051
4.072
4.094
4.116
4.137
4.159
4.181
4.168
4.148
4.127
4.106
4.086
4.065
4.045
4.024
4.003
3.983
3.962
3.942
3.922
3.903
3.885
3.867
3.848
3.829
3.811
3.792
3.773
3.754
3.734
3.713
3.693
3.672
3.652
3.631
3.610
3.590
3.569
3.548
3.528
3.507
3.487
3.466
3.446
3.425
3.404
3.384
3.363
3.343
3.322
3.301
3.281
3.260
3.239
3.219
3.198
3.177
3.157
3.137
3.116
3.096
3.076
3.056
3.037
3.017
2.998
2.978
2.959
2.940
2.921
2.902
2.884
2.865
2.847
2.828
2.810
2.792
2.774
2.756
2.738
2.721
2.703
2.686
2.668
2.651
2.634
2.617
2.600
2.584
2.567
2.550
2.534
2.518
2.501
2.485
2.469
2.453
2.438
2.422
2.406
2.391
2.375
2.360
2.345
2.330
2.315
2.300
2.285
2.270
2.256
2.241
2.227
2.212
2.198
2.184
2.170
2.156
2.142
2.128
2.114
2.101
2.087
2.074
2.060
2.047
2.034
2.021
2.008
1.995
1.982
1.969
1.957
1.944
1.943
1.943
1.943
1.943
1.943
1.943
1.943
1.943
1.943
1.943
1.943
1.943
1.943
1.943
1.943
1.943
1.943
1.943
1.943
1.943
1.943
1.943
1.943
1.943
1.943
1.943
1.943
1.943
1.943
1.943
1.943
1.943
1.943
1.943
1.943
1.943
1.943
1.943
1.943
1.943
1.943
1.943
1.943
1.943
1.943
1.943
1.943
1.943
1.943
1.943
1.943
1.943
1.943
1.943
1.943
1.943
1.943
1.943
1.943
1.943
1.943
1.943
1.943
1.943
1.943
1.943
1.943
1.943
1.943
1.943
1.943
1.943
1.943
1.943
1.943
1.943
1.943
1.943
1.943
1.943
1.943
1.943
1.943
1.943
1.943
1.943
1.943
1.943
1.943
1.943
1.943
1.943
1.943
1.943
1.943
1.943
1.943
1.943
1.943
1.943
1.943
1.943
1.943
1.943
1.943
1.943
1.943
1.943
1.943
1.943
1.943
1.943
1.943
1.943
1.943
1.943
1.943
1.943
1.943
1.943
1.943
1.943
1.943
1.943
1.943
1.943
1.943
1.943
1.943
1.943
1.943
1.943
1.943
1.943
1.943
1.943
1.943
1.943
1.943
1.943
1.943
1.943
1.943
1.943
1.943
1.943
1.943
1.943
1.943
1.943
1.943
1.943
1.943
1.943
1.943
1.943
1.943
1.943
1.943
1.943
1.943
1.943
1.943
1.943
1.943
1.943
1.943
1.943
1.943
1.943
1.943
1.943
1.943
1.943
1.943
1.943
1.943
1.943
1.943
1.943
1.943
1.943
1.943
1.943
1.943
1.943
1.943
1.943
1.943
1.943
1.943
1.943
1.943
1.943
1.943
1.943
1.943
1.943
1.943
1.943
1.943
1.943
1.943
1.943
1.943
1.943
1.943
1.943
1.943
1.943
1.943
1.943
1.943
1.943
1.943
1.943
1.943
1.943
1.943
1.943
1.943
1.943
1.943
1.943
1.943
1.943
1.943
1.943
1.943
1.943
1.943
1.943
1.943
1.943
1.943
1.943
1.943
1.943
1.943
1.943
1.943
1.943
1.943
1.943
1.943
1.943
1.943
1.943
1.943
1.943
1.943
1.943
1.943
1.943
1.943
1.943
1.943
1.943
1.943
1.943
1.943
1.943
1.955
1.968
1.981
1.993
2.006
2.019
2.032
2.045
2.058
2.072
2.085
2.098
2.112
2.126
2.139
2.153
2.167
2.181
2.195
2.209
2.223
2.238
2.252
2.267
2.281
2.296
2.311
2.326
2.341
2.356
2.371
2.386
2.402
2.417
2.433
2.448
2.464
2.480
2.496
2.512
2.528
2.545
2.561
2.578
2.594
2.611
2.628
2.645
2.662
2.679
2.696
2.714
2.731
2.749
2.766
2.784
2.802
2.820
2.839
2.857
2.875
2.894
2.912
2.931
2.950
2.969
2.988
3.008
3.027
3.046
3.066
3.086
3.105
3.125
3.145
3.166
3.186
3.206
3.227
3.247
3.268
3.288
3.309
3.329
3.350
3.370
3.391
3.411
3.432
3.452
3.472
3.493
3.513
3.534
3.554
3.574
3.594
3.614
3.634
3.654
3.675
3.695
3.716
3.736
3.756
3.777
3.797
3.817
3.838
3.858
3.879
3.899
3.919
3.940
3.960
3.981
4.001
4.022
4.042
4.062
4.083
4.103
4.124
4.144
4.165
4.176
4.155
4.133
4.111
4.090
4.068
4.046
4.025
4.006
3.985
3.964
3.944
3.922
3.901
3.881
3.861
3.841
3.821
3.801
3.780
3.760
3.739
3.717
3.696
3.675
3.653
3.632
3.611
3.589
3.568
3.546
3.525
3.504
3.484
3.462
3.440
3.419
3.398
3.376
3.355
3.333
3.312
3.290
3.269
3.247
3.226
3.205
3.184
3.162
3.142
3.121
3.100
3.080
3.059
3.039
3.018
2.998
2.977
2.957
2.937
2.917
2.897
2.877
2.858
2.838
2.819
2.800
2.781
2.762
2.743
2.724
2.706
2.687
2.669
2.651
2.633
2.615
2.597
2.580
2.562
2.545
2.527
2.510
2.493
2.476
2.459
2.443
2.426
2.409
2.393
2.377
2.361
2.344
2.329
2.313
2.297
2.281
2.266
2.250
2.235
2.220
2.205
2.190
2.175
2.160
2.145
2.131
2.116
2.102
2.088
2.073
2.059
2.045
2.031
2.018
2.004
1.990
1.977
1.963
1.950
1.937
1.923
1.910
1.897
1.884
1.872
1.859
1.846
1.834
1.821
1.809
1.796
1.784
1.772
1.760
1.759
1.759
1.759
1.759
1.759
1.759
1.759
1.759
1.759
1.759
1.759
1.759
1.759
1.759
1.759
1.759
1.759
1.759
1.759
1.759
1.759
1.759
1.759
1.759
1.759
1.759
1.759
1.759
1.759
1.759
1.759
1.759
1.759
1.759
1.759
1.759
1.759
1.759
1.759
1.759
1.759
1.759
1.759
1.759
1.759
1.759
1.759
1.759
1.759
1.759
1.759
1.759
1.759
1.759
1.759
1.759
1.759
1.759
1.759
1.759
1.759
1.759
1.759
1.759
1.759
1.759
1.759
1.759
1.759
1.759
1.759
1.759
1.759
1.759
1.759
1.759
1.759
1.759
1.759
1.759
1.759
1.759
1.759
1.759
1.759
1.759
1.759
1.759
1.759
1.759
1.759
1.759
1.759
1.759
1.759
1.759
1.759
1.759
1.759
1.759
1.759
1.759
1.759
1.759
1.759
1.759
1.759
1.759
1.759
1.759
1.759
1.759
1.759
1.759
1.759
1.759
1.759
1.759
1.759
1.759
1.759
1.759
1.759
1.759
1.759
1.759
1.759
1.759
1.759
1.759
1.759
1.759
1.759
1.759
1.759
1.759
1.759
1.759
1.759
1.759
1.759
1.759
1.759
1.759
1.759
1.759
1.759
1.759
1.759
1.759
1.759
1.759
1.759
1.759
1.759
1.759
1.759
1.759
1.759
1.759
1.759
1.759
1.759
1.759
1.759
1.759
1.759
1.759
1.759
1.759
1.759
1.759
1.759
1.759
1.759
1.759
1.759
1.759
1.759
1.759
1.759
1.759
1.759
1.759
1.759
1.759
1.759
1.759
1.759
1.759
1.759
1.759
1.759
1.759
1.759
1.759
1.759
1.759
1.759
1.759
1.759
1.759
1.759
1.759
1.759
1.759
1.759
1.759
1.759
1.759
1.759
1.759
1.759
1.759
1.759
1.759
1.759
1.759
1.759
1.766
1.778
1.790
1.802
1.815
1.827
1.840
1.853
1.865
1.878
1.891
1.904
1.918
1.931
1.944
1.958
1.971
1.985
1.998
2.012
2.026
2.040
2.054
2.068
2.083
2.097
2.112
2.126
2.141
2.156
2.171
2.186
2.201
2.216
2.231
2.247
2.262
2.278
2.293
2.309
2.325
2.341
2.357
2.374
2.390
2.407
2.423
2.440
2.457
2.474
2.491
2.508
2.525
2.543
2.560
2.578
2.596
2.614
2.632
2.650
2.668
2.687
2.705
2.724
2.743
2.762
2.781
2.800
2.820
2.839
2.859
2.878
2.898
2.918
2.938
2.959
2.979
3.000
3.020
3.041
3.062
3.083
3.105
3.126
3.148
3.169
3.191
3.213
3.235
3.256
3.278
3.300
3.321
3.343
3.365
3.387
3.408
3.430
3.452
3.474
3.496
3.518
3.539
3.561
3.583
3.605
3.627
3.649
3.671
3.692
3.714
3.736
3.758
3.780
3.802
3.824
3.846
3.868
3.890
3.912
3.933
3.955
3.977
3.999
4.021
4.043
4.065
4.085
4.106
4.126
4.146
4.167
4.166
4.147
4.127
4.107
4.087
4.068
4.048
4.028
4.008
3.988
3.969
3.950
3.931
3.912
3.893
3.874
3.854
3.835
3.815
3.795
3.776
3.756
3.736
3.716
3.696
3.677
3.657
3.637
3.617
3.597
3.577
3.558
3.538
3.518
3.498
3.478
3.458
3.439
3.419
3.399
3.379
3.359
3.339
3.320
3.300
3.280
3.260
3.240
3.221
3.201
3.181
3.161
3.142
3.122
3.103
3.084
3.065
3.046
3.027
3.008
2.990
2.971
2.953
2.935
2.916
2.898
2.880
2.863
2.845
2.827
2.810
2.792
2.775
2.758
2.741
2.724
2.707
2.690
2.674
2.657
2.641
2.625
2.608
2.592
2.576
2.560
2.544
2.529
2.513
2.497
2.482
2.467
2.451
2.436
2.421
2.406
2.391
2.377
2.362
2.347
2.333
2.318
2.304
2.290
2.276
2.262
2.248
2.234
2.220
2.206
2.192
2.179
2.165
2.152
2.139
2.125
2.125
2.125
2.125
2.125
2.125
2.125
2.125
2.125
2.125
2.125
2.125
2.125
2.125
2.125
2.125
2.125
2.125
2.125
2.125
2.125
2.125
2.125
2.125
2.125
2.125
2.125
2.125
2.125
2.125
2.125
2.125
2.125
2.125
2.125
2.125
2.125
2.125
2.125
2.125
2.125
2.125
2.125
2.125
2.125
2.125
2.125
2.125
2.125
2.125
2.125
2.125
2.125
2.125
2.125
2.125
2.125
2.125
2.125
2.125
2.125
2.125
2.125
2.125
2.125
2.125
2.125
2.125
2.125
2.125
2.125
2.125
2.125
2.125
2.125
2.125
2.125
2.125
2.125
2.125
2.125
2.125
2.125
2.125
2.125
2.125
2.125
2.125
2.125
2.125
2.125
2.125
2.125
2.125
2.125
2.125
2.125
2.125
2.125
2.125
2.125
2.125
2.125
2.125
2.125
2.125
2.125
2.125
2.125
2.125
2.125
2.125
2.125
2.125
2.125
2.125
2.125
2.125
2.125
2.125
2.125
2.125
2.125
2.125
2.125
2.125
2.125
2.125
2.125
2.125
2.125
2.125
2.125
2.125
2.125
2.125
2.125
2.125
2.125
2.125
2.125
2.125
2.125
2.125
2.125
2.125
2.125
2.125
2.125
2.134
2.151
2.167
2.184
2.201
2.217
2.234
2.252
2.269
2.286
2.304
2.322
2.339
2.357
2.375
2.394
2.412
2.431
2.449
2.468
2.487
2.505
2.524
2.543
2.561
2.580
2.598
2.617
2.636
2.654
2.673
2.692
2.711
2.730
2.749
2.768
2.787
2.807
2.825
2.844
2.863
2.881
2.899
2.918
2.936
2.954
2.972
2.990
3.008
2.999
2.979
2.960
2.942
2.923
2.903
2.884
2.865
2.846
2.827
2.808
2.789
2.771
2.752
2.733
2.714
2.695
2.676
2.658
2.639
2.621
2.603
2.584
2.566
2.547
2.528
2.510
2.491
2.472
2.453
2.435
2.415
2.396
2.377
2.358
2.339
2.320
2.302
2.283
2.265
2.247
2.229
2.211
2.193
2.176
2.158
2.141
2.124
2.107
2.090
2.073
2.057
2.042
2.042
2.042
2.042
2.042
2.042
2.042
2.042
2.042
2.042
2.042
2.042
2.042
2.042
2.042
2.042
2.042
2.042
2.042
2.042
2.042
2.042
2.042
2.042
2.042
2.042
2.042
2.042
2.042
2.042
2.042
2.042
2.042
2.042
2.042
2.042
2.042
2.042
2.042
2.042
2.042
2.042
2.042
2.042
2.042
2.042
2.042
2.042
2.042
2.042
2.042
2.042
2.042
2.042
2.042
2.042
2.042
2.042
2.042
2.042
2.042
2.042
2.042
2.042
2.042
2.042
2.042
2.042
2.042
2.042
2.042
2.042
2.042
2.042
2.042
2.042
2.042
2.042
2.042
2.042
2.042
2.042
2.042
2.042
2.042
2.042
2.042
2.042
2.042
2.042
2.042
2.042
2.042
2.042
2.042
2.042
2.042
2.042
2.042
2.042
2.042
2.042
2.042
2.042
2.042
2.042
2.042
2.042
2.042
2.042
2.042
2.042
2.042
2.042
2.042
2.042
2.042
2.042
2.042
2.042
2.042
2.042
2.042
2.042
2.042
2.042
2.042
2.042
2.042
2.042
2.042
2.042
2.042
2.042
2.042
2.042
2.042
2.042
2.042
2.042
2.042
2.042
2.042
2.042
2.042
2.042
2.042
2.042
2.042
2.042
2.042
2.042
2.042
2.042
2.042
2.042
2.042
2.042
2.042
2.042
2.042
2.042
2.042
2.042
2.042
2.047
2.059
2.070
2.081
2.093
2.104
2.116
2.128
2.140
2.151
2.163
2.175
2.187
2.199
2.212
2.224
2.236
2.248
2.261
2.273
2.286
2.299
2.311
2.324
2.337
2.350
2.363
2.376
2.389
2.402
2.416
2.429
2.442
2.456
2.469
2.483
2.497
2.511
2.525
2.539
2.553
2.567
2.581
2.595
2.609
2.624
2.638
2.653
2.668
2.682
2.697
2.712
2.727
2.742
2.757
2.773
2.788
2.803
2.819
2.835
2.850
2.866
2.882
2.898
2.914
2.930
2.946
2.962
2.979
2.995
3.012
3.028
3.045
3.062
3.079
3.096
3.113
3.130
3.148
3.165
3.182
3.199
3.216
3.233
3.250
3.268
3.286
3.303
3.321
3.339
3.356
3.374
3.391
3.408
3.426
3.443
3.461
3.478
3.496
3.513
3.531
3.549
3.566
3.584
3.601
3.619
3.637
3.654
3.672
3.690
3.707
3.725
3.743
3.760
3.778
3.795
3.813
3.830
3.848
3.866
3.883
3.901
3.918
3.936
3.953
3.971
3.989
4.006
4.024
4.041
4.059
4.076
4.093
4.111
4.128
4.145
4.163
4.180
4.197
4.214
4.232
4.249
4.266
4.282
4.298
4.316
4.332
4.349
4.365
4.382
4.399
4.417
4.435
4.452
4.469
4.487
4.505
4.522
4.540
4.557
4.575
4.593
4.610
4.628
4.645
4.663
4.680
4.697
4.715
4.732
4.750
4.767
4.785
4.803
4.820
4.838
4.855
4.873
4.890
4.908
4.925
4.943
4.960
4.978
4.995
5.013
5.030
5.048
5.066
5.083
5.097
5.078
5.059
5.040
5.022
5.003
4.984
4.965
4.946
4.927
4.908
4.889
4.870
4.851
4.833
4.814
4.795
4.776
4.757
4.738
4.719
4.700
4.681
4.662
4.643
4.625
4.606
4.587
4.568
4.549
4.530
4.511
4.492
4.473
4.455
4.436
4.417
4.398
4.379
4.360
4.341
4.322
4.303
4.284
4.266
4.247
4.228
4.209
4.190
4.171
4.152
4.133
4.114
4.095
4.076
4.058
4.039
4.020
4.001
3.982
3.964
3.946
3.928
3.910
3.892
3.874
3.856
3.838
3.820
3.802
3.784
3.766
3.748
3.729
3.711
3.692
3.674
3.655
3.636
3.618
3.599
3.580
3.562
3.543
3.524
3.506
3.487
3.468
3.449
3.431
3.412
3.393
3.374
3.356
3.337
3.318
3.299
3.280
3.262
3.243
3.224
3.205
3.186
3.167
3.149
3.130
3.112
3.093
3.075
3.057
3.039
3.021
3.003
2.985
2.967
2.950
2.932
2.915
2.898
2.880
2.863
2.846
2.830
2.813
2.796
2.780
2.763
2.747
2.730
2.714
2.698
2.682
2.666
2.651
2.635
2.619
2.604
2.588
2.573
2.558
2.543
2.528
2.513
2.498
2.483
2.468
2.454
2.439
2.425
2.410
2.396
2.382
2.368
2.354
2.340
2.326
2.312
2.299
2.285
2.271
2.258
2.245
2.231
2.218
2.205
2.192
2.179
2.166
2.153
2.140
2.128
2.115
2.103
2.090
2.078
2.066
2.053
2.041
2.029
2.017
2.005
1.993
1.981
1.970
1.958
1.946
1.935
1.923
1.912
1.901
1.889
1.878
1.867
1.856
1.845
1.834
1.823
1.813
1.802
1.791
1.781
1.770
1.759
1.749
1.739
1.728
1.728
1.728
1.728
1.728
1.728
1.728
1.728
1.728
1.728
1.728
1.728
1.728
1.728
1.728
1.728
1.728
1.728
1.728
1.728
1.728
1.728
1.728
1.728
1.728
1.728
1.728
1.728
1.728
1.728
1.728
1.728
1.728
1.728
1.728
1.728
1.728
1.728
1.728
1.728
1.728
1.728
1.728
1.728
1.728
1.728
1.728
1.728
1.728
1.728
1.728
1.728
1.728
1.728
1.728
1.728
1.728
1.728
1.728
1.728
1.728
1.728
1.728
1.728
1.728
1.728
1.728
1.728
1.728
1.728
1.728
1.728
1.728
1.728
1.728
1.728
1.728
1.728
1.728
1.728
1.728
1.728
1.728
1.728
1.728
1.728
1.728
1.728
1.728
1.728
1.728
1.728
1.728
1.728
1.728
1.728
1.728
1.728
1.728
1.728
1.728
1.728
1.728
1.728
1.728
1.728
1.728
1.728
1.728
1.728
1.728
1.728
1.728
1.728
1.745
1.762
1.780
1.798
1.816
1.834
1.852
1.871
1.889
1.908
1.927
1.946
1.966
1.985
2.005
2.025
2.045
2.066
2.086
2.107
2.128
2.149
2.171
2.192
2.214
2.236
2.259
2.281
2.304
2.327
2.350
2.373
2.397
2.421
2.441
2.419
2.398
2.376
2.355
2.334
2.313
2.292
2.272
2.252
2.231
2.211
2.192
2.172
2.153
2.133
2.114
2.096
2.077
2.058
2.040
2.022
2.004
1.986
1.968
1.950
1.933
1.916
1.898
1.882
1.865
1.860
1.860
1.860
1.860
1.860
1.860
1.860
1.860
1.860
1.860
1.860
1.860
1.860
1.860
1.860
1.860
1.860
1.860
1.860
1.860
1.860
1.860
1.860
1.860
1.860
1.860
1.860
1.860
1.860
1.860
1.860
1.860
1.860
1.860
1.860
1.860
1.860
1.860
1.860
1.860
1.860
1.860
1.860
1.860
1.860
1.860
1.860
1.860
1.860
1.860
1.860
1.860
1.860
1.860
1.860
1.860
1.860
1.860
1.860
1.860
1.860
1.860
1.860
1.860
1.860
1.860
1.860
1.860
1.860
1.860
1.860
1.860
1.860
1.860
1.860
1.860
1.860
1.860
1.860
1.860
1.860
1.860
1.860
1.860
1.860
1.860
1.860
1.860
1.860
1.860
1.860
1.860
1.860
1.860
1.860
1.860
1.860
1.860
1.860
1.860
1.860
1.860
1.860
1.860
1.860
1.860
1.860
1.860
1.860
1.860
1.860
1.860
1.860
1.860
1.860
1.860
1.860
1.860
1.860
1.860
1.860
1.860
1.860
1.860
1.860
1.860
1.860
1.860
1.860
1.860
1.860
1.860
1.860
1.860
1.860
1.860
1.860
1.860
1.860
1.860
1.860
1.860
1.860
1.860
1.860
1.860
1.860
1.860
1.860
1.860
1.860
1.860
1.860
1.860
1.860
1.860
1.860
1.860
1.860
1.860
1.860
1.860
1.860
1.860
1.860
1.860
1.860
1.860
1.860
1.860
1.860
1.860
1.860
1.860
1.860
1.860
1.860
1.860
1.860
1.860
1.860
1.860
1.860
1.860
1.860
1.860
1.860
1.860
1.860
1.860
1.860
1.860
1.860
1.860
1.860
1.860
1.860
1.860
1.860
1.860
1.860
1.860
1.860
1.860
1.860
1.860
1.860
1.860
1.860
1.860
1.860
1.860
1.860
1.860
1.860
1.860
1.860
1.860
1.860
1.860
1.860
1.860
1.860
1.860
1.860
1.860
1.860
1.860
1.860
1.860
1.860
1.875
1.889
1.903
1.918
1.932
1.947
1.962
1.977
1.992
2.007
2.022
2.038
2.053
2.069
2.084
2.100
2.116
2.132
2.149
2.165
2.181
2.198
2.215
2.232
2.249
2.266
2.283
2.300
2.318
2.335
2.353
2.371
2.389
2.407
2.426
2.444
2.463
2.481
2.500
2.519
2.539
2.558
2.577
2.597
2.617
2.637
2.657
2.677
2.697
2.718
2.738
2.759
2.780
2.801
2.823
2.844
2.866
2.888
2.910
2.932
2.954
2.977
2.999
3.022
3.045
3.068
3.092
3.115
3.139
3.162
3.186
3.210
3.234
3.257
3.281
3.305
3.319
3.294
3.268
3.243
3.218
3.193
3.167
3.142
3.117
3.092
3.068
3.043
3.019
2.995
2.971
2.947
2.923
2.900
2.877
2.854
2.831
2.808
2.786
2.764
2.742
2.720
2.698
2.677
2.655
2.634
2.613
2.592
2.571
2.551
2.530
2.510
2.490
2.470
2.451
2.431
2.412
2.392
2.373
2.354
2.335
2.317
2.298
2.280
2.262
2.244
2.226
2.208
2.190
2.173
2.155
2.138
2.121
2.104
2.088
2.071
2.054
2.038
2.022
2.006
1.990
1.974
1.958
1.942
1.927
1.911
1.896
1.881
1.866
1.851
1.836
1.822
1.807
1.793
1.778
1.764
1.750
1.737
1.737
1.737
1.737
1.737
1.737
1.737
1.737
1.737
1.737
1.737
1.737
1.737
1.737
1.737
1.737
1.737
1.737
1.737
1.737
1.737
1.737
1.737
1.737
1.737
1.737
1.737
1.737
1.737
1.737
1.737
1.737
1.737
1.737
1.737
1.737
1.737
1.737
1.737
1.737
1.737
1.737
1.737
1.737
1.737
1.737
1.737
1.737
1.737
1.737
1.737
1.737
1.737
1.737
1.737
1.737
1.737
1.737
1.737
1.737
1.737
1.737
1.737
1.737
1.737
1.737
1.737
1.737
1.737
1.737
1.737
1.737
1.737
1.737
1.737
1.737
1.737
1.737
1.737
1.737
1.737
1.737
1.737
1.737
1.737
1.737
1.737
1.737
1.737
1.737
1.737
1.737
1.737
1.737
1.737
1.737
1.737
1.737
1.737
1.737
1.737
1.737
1.737
1.737
1.737
1.737
1.737
1.737
1.737
1.737
1.737
1.737
1.737
1.741
1.750
1.760
1.769
1.778
1.787
1.796
1.806
1.815
1.824
1.834
1.843
1.853
1.863
1.872
1.882
1.892
1.901
1.911
1.921
1.931
1.941
1.951
1.961
1.972
1.982
1.992
2.002
2.013
2.023
2.034
2.044
2.055
2.065
2.076
2.087
2.098
2.109
2.120
2.131
2.142
2.153
2.164
2.175
2.186
2.198
2.209
2.221
2.232
2.244
2.255
2.267
2.279
2.290
2.302
2.314
2.326
2.338
2.350
2.363
2.375
2.387
2.400
2.412
2.425
2.437
2.450
2.462
2.475
2.488
2.501
2.514
2.527
2.540
2.553
2.566
2.580
2.593
2.607
2.620
2.634
2.647
2.661
2.675
2.689
2.703
2.717
2.731
2.745
2.759
2.773
2.788
2.802
2.817
2.831
2.846
2.861
2.876
2.891
2.906
2.921
2.936
2.951
2.966
2.982
2.997
3.013
3.028
3.044
3.060
3.076
3.092
3.108
3.124
3.140
3.156
3.172
3.189
3.205
3.222
3.238
3.255
3.271
3.288
3.304
3.321
3.337
3.354
3.370
3.387
3.403
3.420
3.436
3.453
3.469
3.486
3.503
3.519
3.536
3.552
3.569
3.585
3.602
3.618
3.635
3.651
3.668
3.685
3.701
3.718
3.734
3.751
3.767
3.784
3.800
3.816
3.832
3.848
3.864
3.880
3.897
3.913
3.930
3.946
3.962
3.978
3.994
4.010
4.026
4.043
4.059
4.075
4.091
4.107
4.123
4.139
4.155
4.171
4.187
4.203
4.220
4.236
4.252
4.268
4.283
4.299
4.315
4.331
4.347
4.364
4.380
4.396
4.413
4.429
4.445
4.462
4.478
4.495
4.511
4.528
4.544
4.561
4.577
4.594
4.610
4.627
4.643
4.660
4.676
4.693
4.709
4.726
4.742
4.759
4.775
4.792
4.809
4.825
4.842
4.858
4.875
4.891
4.908
4.924
4.941
4.957
4.973
4.989
5.005
5.022
5.038
5.055
5.071
5.088
5.104
5.121
5.137
5.154
5.170
5.187
5.203
5.220
5.236
5.253
5.269
5.286
5.302
5.319
5.335
5.351
5.368
5.384
5.401
5.417
5.434
5.450
5.466
5.483
5.499
5.515
5.531
5.546
5.562
5.579
5.594
5.610
5.627
5.643
5.660
5.676
5.693
5.709
5.726
5.742
5.759
5.776
5.792
5.809
5.825
5.842
5.858
5.875
5.891
5.908
5.925
5.941
5.958
5.974
5.991
6.000
6.000
6.000
6.000
6.000
6.000
6.000
6.000
6.000
6.000
6.000
6.000
6.000
6.000
6.000
6.000
6.000
6.000
6.000
6.000
6.000
6.000
6.000
6.000
6.000
6.000
6.000
6.000
6.000
6.000
6.000
6.000
6.000
6.000
6.000
6.000
6.000
6.000
6.000
6.000
6.000
6.000
6.000
6.000
6.000
6.000
6.000
6.000
6.000
6.000
6.000
6.000
6.000
6.000
6.000
6.000
6.000
6.000
6.000
6.000
6.000
6.000
6.000
6.000
6.000
6.000
6.000
6.000
6.000
6.000
6.000
6.000
6.000
6.000
6.000
6.000
6.000
6.000
6.000
6.000
6.000
6.000
6.000
6.000
6.000
6.000
6.000
6.000
6.000
6.000
6.000
6.000
6.000
6.000
6.000
6.000
6.000
6.000
6.000
6.000
6.000
6.000
6.000
6.000
6.000
6.000
6.000
6.000
6.000
6.000
6.000
6.000
6.000
6.000
6.000
6.000
6.000
6.000
6.000
6.000
6.000
6.000
6.000
6.000
6.000
6.000
6.000
6.000
6.000
6.000
6.000
6.000
6.000
6.000
6.000
6.000
6.000
6.000
6.000
6.000
6.000
6.000
6.000
6.000
6.000
6.000
6.000
6.000
6.000
6.000
6.000
6.000
6.000
6.000
6.000
6.000
6.000
6.000
6.000
6.000
6.000
6.000
6.000
6.000
6.000
6.000
5.999
5.983
5.967
5.950
5.934
5.917
5.901
5.884
5.868
5.851
5.835
5.818
5.802
5.785
5.768
5.752
5.735
5.719
5.702
5.686
5.669
5.652
5.636
5.619
5.603
5.586
5.569
5.553
5.536
5.520
5.503
5.486
5.470
5.453
5.436
5.420
5.404
5.387
5.371
5.354
5.338
5.321
5.305
5.288
5.271
5.255
5.238
5.222
5.205
5.188
5.172
5.155
5.139
5.122
5.106
5.089
5.072
5.056
5.039
5.023
5.006
4.990
4.974
4.958
4.941
4.925
4.908
4.892
4.876
4.859
4.842
4.826
4.810
4.793
4.777
4.760
4.744
4.727
4.711
4.694
4.678
4.661
4.645
4.628
4.612
4.595
4.578
4.562
4.545
4.529
4.512
4.496
4.479
4.462
4.446
4.429
4.413
4.396
4.379
4.363
4.346
4.329
4.313
4.296
4.280
4.263
4.246
4.230
4.213
4.196
4.180
4.163
4.147
4.130
4.113
4.097
4.080
4.063
4.047
4.030
4.013
3.997
3.980
3.963
3.947
3.930
3.914
3.898
3.882
3.866
3.849
3.833
3.817
3.800
3.784
3.767
3.751
3.734
3.717
3.701
3.684
3.667
3.651
3.634
3.617
3.600
3.584
3.567
3.550
3.534
3.517
3.500
3.484
3.467
3.450
3.434
3.417
3.400
3.383
3.367
3.350
3.333
3.317
3.300
3.283
3.266
3.250
3.233
3.216
3.200
3.183
3.166
3.150
3.133
3.117
3.101
3.085
3.069
3.053
3.037
3.021
3.005
2.990
2.974
2.958
2.943
2.928
2.912
2.897
2.882
2.867
2.852
2.837
2.823
2.808
2.793
2.779
2.764
2.750
2.735
2.721
2.707
2.693
2.679
2.665
2.651
2.637
2.623
2.610
2.596
2.583
2.569
2.556
2.542
2.529
2.516
2.503
2.490
2.477
2.464
2.451
2.438
2.426
2.413
2.400
2.388
2.375
2.363
2.351
2.339
2.326
2.314
2.302
2.290
2.278
2.266
2.255
2.243
2.231
2.220
2.208
2.196
2.185
2.174
2.162
2.151
2.140
2.129
2.118
2.107
2.096
2.085
2.074
2.063
2.052
2.041
2.031
2.020
2.010
1.999
1.989
1.978
1.968
1.958
1.948
1.938
1.927
1.917
1.907
1.897
1.888
1.878
1.868
1.858
1.849
1.839
1.829
1.820
1.810
1.801
1.792
1.782
1.773
1.764
1.754
1.745
1.736
1.727
1.718
1.709
1.700
1.691
1.683
1.674
1.665
1.656
1.655
1.655
1.655
1.655
1.655
1.655
1.655
1.655
1.655
1.655
1.655
1.655
1.655
1.655
1.655
1.655
1.655
1.655
1.655
1.655
1.655
1.655
1.655
1.655
1.655
1.655
1.655
1.655
1.655
1.655
1.655
1.655
1.655
1.655
1.655
1.655
1.655
1.655
1.655
1.655
1.655
1.655
1.655
1.655
1.655
1.655
1.655
1.655
1.655
1.655
1.655
1.655
1.655
1.655
1.655
1.655
1.655
1.655
1.655
1.655
1.655
1.655
1.655
1.655
1.655
1.655
1.655
1.655
1.655
1.655
1.655
1.655
1.655
1.655
1.655
1.655
1.655
1.655
1.655
1.655
1.655
1.655
1.655
1.655
1.655
1.655
1.655
1.655
1.655
1.655
1.655
1.655
1.655
1.655
1.655
1.655
1.655
1.655
1.655
1.657
1.674
1.691
1.708
1.725
1.742
1.760
1.778
1.796
1.814
1.832
1.851
1.869
1.888
1.907
1.927
1.946
1.966
1.986
2.006
2.026
2.047
2.067
2.088
2.109
2.131
2.152
2.174
2.196
2.218
2.241
2.263
2.286
2.309
2.333
2.324
2.302
2.279
2.257
2.235
2.214
2.192
2.171
2.150
2.129
2.108
2.088
2.068
2.048
2.028
2.008
1.988
1.969
1.950
1.931
1.912
1.894
1.875
1.857
1.839
1.821
1.804
1.786
1.769
1.752
1.735
1.718
1.701
1.697
1.697
1.697
1.697
1.697
1.697
1.697
1.697
1.697
1.697
1.697
1.697
1.697
1.697
1.697
1.697
1.697
1.697
1.697
1.697
1.697
1.697
1.697
1.697
1.697
1.697
1.697
1.697
1.697
1.697
1.697
1.697
1.697
1.697
1.697
1.697
1.697
1.697
1.697
1.697
1.697
1.697
1.697
1.697
1.697
1.697
1.697
1.697
1.697
1.697
1.697
1.697
1.697
1.697
1.697
1.697
1.697
1.697
1.697
1.697
1.697
1.697
1.697
1.697
1.697
1.697
1.697
1.697
1.697
1.697
1.697
1.697
1.697
1.697
1.697
1.697
1.697
1.697
1.697
1.697
1.697
1.697
1.697
1.697
1.697
1.697
1.697
1.697
1.697
1.697
1.697
1.697
1.697
1.697
1.697
1.697
1.697
1.697
1.697
1.697
1.697
1.697
1.697
1.697
1.697
1.697
1.697
1.697
1.697
1.697
1.697
1.697
1.701
1.716
1.732
1.747
1.763
1.779
1.795
1.811
1.828
1.844
1.861
1.878
1.895
1.912
1.930
1.947
1.965
1.983
2.001
2.019
2.037
2.056
2.074
2.093
2.112
2.131
2.151
2.170
2.190
2.210
2.230
2.250
2.270
2.291
2.312
2.333
2.354
2.375
2.397
2.418
2.440
2.463
2.485
2.507
2.530
2.553
2.576
2.600
2.623
2.626
2.601
2.576
2.551
2.527
2.503
2.479
2.455
2.431
2.408
2.385
2.362
2.339
2.317
2.295
2.273
2.251
2.229
2.208
2.187
2.166
2.145
2.124
2.104
2.084
2.064
2.044
2.024
2.005
1.986
1.967
1.948
1.929
1.910
1.892
1.874
1.856
1.838
1.820
1.803
1.786
1.769
1.752
1.735
1.718
1.702
1.685
1.669
1.653
1.637
1.622
1.606
1.606
1.606
1.606
1.606
1.606
1.606
1.606
1.606
1.606
1.606
1.606
1.606
1.606
1.606
1.606
1.606
1.606
1.606
1.606
1.606
1.606
1.606
1.606
1.606
1.606
1.606
1.606
1.606
1.606
1.606
1.606
1.606
1.606
1.606
1.606
1.606
1.606
1.606
1.606
1.606
1.606
1.606
1.606
1.606
1.606
1.606
1.606
1.606
1.606
1.606
1.606
1.606
1.606
1.606
1.606
1.606
1.606
1.606
1.606
1.606
1.606
1.606
1.606
1.606
1.606
1.606
1.606
1.606
1.606
1.606
1.606
1.606
1.606
1.606
1.606
1.606
1.606
1.606
1.606
1.606
1.606
1.606
1.606
1.606
1.606
1.606
1.606
1.606
1.606
1.606
1.606
1.606
1.606
1.606
1.606
1.608
1.621
1.633
1.646
1.659
1.672
1.685
1.698
1.711
1.724
1.738
1.751
1.765
1.779
1.793
1.807
1.821
1.835
1.849
1.864
1.878
1.893
1.908
1.922
1.937
1.953
1.968
1.983
1.999
2.014
2.030
2.046
2.062
2.078
2.094
2.110
2.127
2.143
2.160
2.177
2.194
2.211
2.228
2.245
2.263
2.281
2.298
2.316
2.334
2.352
2.371
2.389
2.408
2.427
2.446
2.465
2.484
2.503
2.523
2.542
2.562
2.582
2.602
2.623
2.643
2.664
2.684
2.705
2.726
2.748
2.769
2.791
2.812
2.834
2.856
2.879
2.901
2.924
2.946
2.969
2.993
3.016
3.039
3.063
3.087
3.111
3.135
3.160
3.184
3.209
3.234
3.259
3.283
3.308
3.333
3.357
3.382
3.407
3.432
3.457
3.482
3.506
3.531
3.556
3.548
3.524
3.500
3.475
3.451
3.427
3.403
3.379
3.355
3.331
3.306
3.282
3.258
3.234
3.210
3.185
3.161
3.137
3.114
3.090
3.067
3.043
3.020
2.998
2.975
2.952
2.930
2.908
2.886
2.864
2.842
2.821
2.799
2.778
2.757
2.736
2.716
2.695
2.675
2.654
2.634
2.614
2.594
2.575
2.555
2.536
2.517
2.498
2.479
2.460
2.441
2.423
2.405
2.386
2.368
2.350
2.333
2.315
2.297
2.280
2.263
2.246
2.229
2.212
2.195
2.178
2.162
2.146
2.129
2.113
2.097
2.081
2.066
2.050
2.034
2.019
2.004
1.988
1.973
1.959
1.944
1.929
1.914
1.900
1.885
1.871
1.857
1.843
1.829
1.815
1.801
1.788
1.774
1.761
1.747
1.734
1.721
1.708
1.695
1.682
1.673
1.673
1.673
1.673
1.673
1.673
1.673
1.673
1.673
1.673
1.673
1.673
1.673
1.673
1.673
1.673
1.673
1.673
1.673
1.673
1.673
1.673
1.673
1.673
1.673
1.673
1.673
1.673
1.673
1.673
1.673
1.673
1.673
1.673
1.673
1.673
1.673
1.673
1.673
1.673
1.673
1.673
1.673
1.673
1.673
1.673
1.673
1.673
1.673
1.673
1.673
1.673
1.673
1.673
1.673
1.673
1.673
1.673
1.673
1.673
1.673
1.673
1.673
1.673
1.673
1.673
1.673
1.673
1.673
1.673
1.673
1.673
1.673
1.673
1.673
1.673
1.673
1.673
1.673
1.673
1.673
1.673
1.673
1.673
1.673
1.673
1.673
1.673
1.673
1.673
1.673
1.673
1.673
1.673
1.673
1.673
1.673
1.673
1.673
1.673
1.673
1.673
1.673
1.673
1.678
1.693
1.709
1.725
1.741
1.758
1.774
1.791
1.807
1.824
1.841
1.859
1.876
1.894
1.911
1.929
1.947
1.965
1.984
2.002
2.021
2.040
2.059
2.078
2.098
2.117
2.137
2.157
2.177
2.198
2.218
2.239
2.260
2.281
2.302
2.324
2.345
2.367
2.390
2.412
2.434
2.457
2.480
2.503
2.527
2.550
2.574
2.598
2.623
2.647
2.672
2.662
2.638
2.615
2.592
2.569
2.546
2.523
2.501
2.478
2.456
2.435
2.413
2.391
2.370
2.349
2.328
2.308
2.287
2.267
2.247
2.227
2.207
2.187
2.168
2.148
2.129
2.110
2.092
2.073
2.055
2.036
2.018
2.000
1.982
1.965
1.947
1.930
1.913
1.896
1.879
1.862
1.846
1.829
1.813
1.797
1.781
1.765
1.751
1.751
1.751
1.751
1.751
1.751
1.751
1.751
1.751
1.751
1.751
1.751
1.751
1.751
1.751
1.751
1.751
1.751
1.751
1.751
1.751
1.751
1.751
1.751
1.751
1.751
1.751
1.751
1.751
1.751
1.751
1.751
1.751
1.751
1.751
1.751
1.751
1.751
1.751
1.751
1.751
1.751
1.751
1.751
1.751
1.751
1.751
1.751
1.751
1.751
1.751
1.751
1.751
1.751
1.751
1.751
1.751
1.751
1.751
1.751
1.751
1.751
1.751
1.751
1.751
1.751
1.751
1.751
1.751
1.751
1.751
1.751
1.751
1.751
1.751
1.751
1.751
1.751
1.751
1.751
1.751
1.751
1.751
1.751
1.751
1.751
1.751
1.751
1.751
1.751
1.751
1.751
1.751
1.751
1.751
1.751
1.751
1.751
1.751
1.751
1.751
1.751
1.751
1.751
1.751
1.751
1.751
1.751
1.751
1.751
1.751
1.760
1.775
1.789
1.804
1.819
1.834
1.849
1.864
1.879
1.895
1.910
1.926
1.942
1.958
1.974
1.990
2.006
2.023
2.039
2.056
2.073
2.090
2.107
2.124
2.142
2.159
2.177
2.195
2.213
2.231
2.249
2.267
2.286
2.305
2.324
2.343
2.362
2.381
2.401
2.421
2.440
2.460
2.481
2.501
2.521
2.542
2.563
2.584
2.605
2.626
2.648
2.670
2.692
2.714
2.736
2.758
2.781
2.804
2.827
2.850
2.873
2.897
2.921
2.944
2.969
2.993
3.017
3.042
3.067
3.092
3.118
3.137
3.111
3.085
3.060
3.036
3.012
2.988
2.964
2.939
2.915
2.891
2.867
2.844
2.820
2.797
2.774
2.751
2.729
2.706
2.684
2.662
2.640
2.618
2.597
2.575
2.554
2.533
2.512
2.491
2.471
2.451
2.430
2.410
2.390
2.371
2.351
2.332
2.313
2.294
2.275
2.256
2.238
2.219
2.201
2.183
2.165
2.147
2.129
2.112
2.094
2.077
2.060
2.043
2.026
2.010
1.993
1.977
1.960
1.944
1.928
1.912
1.897
1.881
1.865
1.850
1.835
1.820
1.805
1.790
1.775
1.761
1.746
1.732
1.717
1.711
1.711
1.711
1.711
1.711
1.711
1.711
1.711
1.711
1.711
1.711
1.711
1.711
1.711
1.711
1.711
1.711
1.711
1.711
1.711
1.711
1.711
1.711
1.711
1.711
1.711
1.711
1.711
1.711
1.711
1.711
1.711
1.711
1.711
1.711
1.711
1.711
1.711
1.711
1.711
1.711
1.711
1.711
1.711
1.711
1.711
1.711
1.711
1.711
1.711
1.711
1.711
1.711
1.711
1.711
1.711
1.711
1.711
1.711
1.711
1.711
1.711
1.711
1.711
1.711
1.711
1.711
1.711
1.711
1.711
1.711
1.711
1.711
1.711
1.711
1.711
1.711
1.711
1.711
1.711
1.711
1.711
1.711
1.711
1.711
1.711
1.711
1.711
1.711
1.711
1.711
1.711
1.711
1.711
1.711
1.711
1.711
1.711
1.711
1.711
1.711
1.711
1.711
1.711
1.711
1.711
1.711
1.711
1.711
1.711
1.711
1.711
1.724
1.740
1.756
1.773
1.790
1.806
1.824
1.841
1.858
1.876
1.893
1.911
1.929
1.948
1.966
1.985
2.003
2.022
2.041
2.061
2.080
2.100
2.119
2.140
2.160
2.180
2.201
2.221
2.242
2.264
2.285
2.307
2.328
2.350
2.373
2.395
2.418
2.440
2.463
2.487
2.994
2.979
2.964
2.949
2.935
2.920
2.905
2.891
2.877
2.862
2.848
2.834
2.820
2.805
2.791
2.778
2.764
2.750
2.736
2.723
2.709
2.695
2.682
2.669
2.655
2.642
2.629
2.616
2.603
2.590
2.577
2.564
2.551
2.538
2.526
2.513
2.501
2.488
2.476
2.463
2.451
2.439
2.427
2.415
2.402
2.390
2.379
2.367
2.355
2.343
2.331
2.320
2.308
2.297
2.285
2.274
2.263
2.251
2.240
2.229
2.218
2.207
2.196
2.185
2.174
2.163
2.152
2.141
2.131
2.120
2.109
2.099
2.088
2.078
2.068
2.057
2.047
2.037
2.027
2.017
2.007
1.997
1.987
1.977
1.967
1.957
1.947
1.938
1.928
1.918
1.909
1.899
1.890
1.880
1.871
1.861
1.852
1.843
1.834
1.825
1.815
1.806
1.797
1.788
1.780
1.771
1.762
1.753
1.744
1.736
1.727
1.718
1.710
1.701
1.693
1.684
1.676
1.667
1.659
1.651
1.643
1.634
1.626
1.618
1.610
1.602
1.594
1.586
1.578
1.570
1.563
1.555
1.547
1.539
1.532
1.524
1.516
1.509
1.501
1.494
1.486
1.479
1.471
1.464
1.457
1.450
1.442
1.435
1.428
1.421
1.414
1.407
1.400
1.393
1.386
1.379
1.372
1.365
1.358
1.352
1.345
1.338
1.331
1.325
1.318
1.312
1.305
1.298
1.292
1.286
1.279
1.273
1.266
1.260
1.254
1.248
1.241
1.235
1.229
1.223
1.217
1.211
1.205
1.199
1.193
1.187
1.181
1.175
1.169
1.163
1.157
1.152
1.146
1.140
1.134
1.129
1.123
1.118
1.112
1.106
1.101
1.095
1.090
1.084
1.079
1.074
1.068
1.063
1.058
1.052
1.047
1.042
1.037
1.032
1.026
1.021
1.016
1.011
1.006
1.001
0.996
0.991
0.986
0.981
0.976
0.971
0.967
0.962
0.957
0.952
0.947
0.943
0.938
0.933
0.929
0.924
0.919
0.915
0.910
0.906
0.901
0.897
0.892
0.888
0.883
0.879
0.875
0.870
0.866
0.862
0.857
0.853
0.849
0.845
0.840
0.836
0.832
0.828
0.824
0.820
0.815
0.811
0.807
0.803
0.799
0.795
0.791
0.787
0.783
0.780
0.776
0.772
0.768
0.764
0.760
0.757
0.753
0.749
0.745
0.742
0.738
0.734
0.730
0.727
0.723
0.720
0.716
0.712
0.709
0.705
0.702
0.698
0.695
0.691
0.688
0.684
0.681
0.678
0.674
0.671
0.668
0.664
0.661
0.658
0.654
0.651
0.648
0.645
0.641
0.638
0.635
0.632
0.629
0.626
0.622
0.619
0.616
0.613
0.610
0.607
0.604
0.601
0.598
0.595
0.592
0.589
0.586
0.583
0.580
0.577
0.575
0.572
0.569
0.566
0.563
0.560
0.558
0.555
0.552
0.549
0.547
0.544
0.541
0.538
0.536
0.533
0.530
0.528
0.525
0.522
0.520
0.517
0.515
0.512
0.510
0.507
0.504
0.502
0.499
0.497
0.494
0.492
0.490
0.487
0.485
0.482
0.480
0.477
0.475
0.473
0.470
0.468
0.466
0.463
0.461
0.459
0.456
0.454
0.452
0.450
0.447
0.445
0.443
0.441
0.439
0.436
0.434
0.432
0.430
0.428
0.426
0.423
0.421
0.419
0.417
0.415
0.413
0.411
0.409
0.407
0.405
0.403
0.401
0.399
0.397
0.395
0.393
0.391
0.389
0.387
0.385
0.383
0.381
0.379
0.377
0.376
0.374
0.372
0.370
0.368
0.366
0.364
0.363
0.361
0.359
0.357
0.355
0.354
0.352
0.350
0.348
0.347
0.345
0.343
0.342
0.340
0.338
0.336
0.335
0.333
0.331
0.330
0.328
0.326
0.325
0.323
0.322
0.320
0.318
0.317
0.315
0.314
0.312
0.311
0.309
0.307
0.306
0.304
0.303
0.301
0.300
0.298
0.297
0.295
0.294
0.292
0.291
0.290
0.288
0.287
0.285
0.284
0.282
0.281
0.280
0.278
0.277
0.275
0.274
0.273
0.271
0.270
0.269
0.267
0.266
0.265
0.263
0.262
0.261
0.259
0.258
0.257
0.256
0.254
0.253
0.252
0.250
0.250
0.250
0.250
0.250
0.250
0.250
0.250

